2 0 -17/18
2 2 2/3
2 5 3/2
2 6 3/2
2 7 -3
2 8 1
2 11 -2
2 12 1
2 13 -1
2 14 -2
2 17 -2
2 18 2
2 20 -2
2 25 2
2 26 -2
2 27 2
2 28 2
2 30 -1
2 33 2
2 35 -2
2 39 2
3 0 17/18
3 2 -2/3
3 5 -3/2
3 6 -3/2
3 7 3
3 8 -1
3 10 1
3 11 1
3 14 1
3 16 1
3 17 1
3 18 -1
3 19 -1
3 20 1
3 21 -1
3 22 -1
3 23 1
3 24 1
3 25 -1
3 26 1
3 27 -1
3 28 -1
3 30 1
3 33 -2
3 34 -1
3 35 1
3 37 1
3 39 -1
4 10 -1
4 11 1
4 12 -1
4 13 1
4 14 1
4 16 -1
4 17 1
4 18 -1
4 19 1
4 20 1
4 21 1
4 22 1
4 23 -1
4 24 -1
4 25 -1
4 26 1
4 27 -1
4 28 -1
4 34 1
4 35 1
4 37 -1
4 39 -1
7 8 -1/2
7 11 1
7 12 -1/2
7 13 1/2
7 14 1
7 25 -1/2
7 26 1
7 27 -1
7 28 -1
7 29 -1/2
7 30 1/2
7 31 1
7 33 -1
7 35 1
7 38 1
7 42 -1/6
8 8 1/2
8 10 -1
8 12 -1/2
8 13 1/2
8 21 1/2
8 22 1
8 23 -1
8 30 -1/2
8 32 1/2
8 34 1
8 36 1
11 8 1/2
11 10 -1
11 12 -1/2
11 13 1/2
11 21 1/2
11 22 1
11 23 -1
11 30 -1/2
11 32 1/2
11 34 1
11 36 1
12 8 -1/2
12 11 1
12 12 -1/2
12 13 1/2
12 14 1
12 25 -1/2
12 26 1
12 27 -1
12 28 -1
12 29 -1/2
12 30 1/2
12 31 1
12 33 -1
12 35 1
12 38 1
12 42 -1/6
13 8 -1/2
13 10 1
13 12 1/2
13 13 -1/2
13 16 1
13 19 -1
13 21 -1
13 22 -1
13 23 1
13 24 1
13 30 1/2
13 33 -1
13 34 -1
13 37 1
14 8 1/2
14 11 -1
14 12 1/2
14 13 -1/2
14 14 -1
14 17 -1
14 18 1
14 20 -1
14 25 1
14 26 -1
14 27 1
14 28 1
14 30 -1/2
14 33 1
14 35 -1
14 39 1
15 5 1/2
15 6 -1/2
15 8 1/2
15 10 -1
15 12 -1/2
15 13 1/2
15 21 1/2
15 22 1
15 23 -1
15 30 -1/2
15 32 1/2
15 34 1
15 36 1
16 5 1/2
16 6 -1/2
16 8 -1/2
16 11 1
16 12 -1/2
16 13 1/2
16 14 1
16 25 -1/2
16 26 1
16 27 -1
16 28 -1
16 29 -1/2
16 30 1/2
16 31 1
16 33 -1
16 35 1
16 38 1
16 42 -1/6
17 2 -1
17 5 1/2
17 6 1/2
17 7 -1
17 8 1
17 10 -2
17 12 -1
17 13 1
17 16 -2
17 19 2
17 21 2
17 22 2
17 23 -2
17 24 -2
17 30 -1
17 33 2
17 34 2
17 37 -2
18 2 1
18 5 -1/2
18 6 -1/2
18 7 1
18 8 -1
18 11 2
18 12 -1
18 13 1
18 14 2
18 17 2
18 18 -2
18 20 2
18 25 -2
18 26 2
18 27 -2
18 28 -2
18 30 1
18 33 -2
18 35 2
18 39 -2
19 3 1
19 6 -1
20 4 -1
20 5 1
20 7 -1
21 1 -1
21 2 -1
21 3 1
21 4 1
22 1 1
22 2 1
22 3 -1
22 4 -1
41 1 1
41 3 -1
42 1 -1
42 4 1
42 7 1
49 1 -1/2
49 6 1/2
53 2 1/2
53 4 -1/2
54 2 -1/2
54 3 1/2
54 7 -1/2
61 1 1/2
61 4 -1/2
61 7 -1/2
62 1 -1/2
62 3 1/2
68 0 1/2
78 5 -1/2
78 6 1/2
81 41 -1/3
95 41 -2/3
141 892 0
