1 5 3/2
1 6 -3/2
2 5 3
2 6 -3
2 8 1/2
2 10 -1
2 12 -1/2
2 13 1/2
2 21 1/2
2 22 1
2 23 -1
2 30 -1/2
2 32 1/2
2 34 1
2 36 1
3 5 3/2
3 6 -3/2
3 8 1/2
3 11 -1
3 12 1/2
3 13 -1/2
3 14 -1
3 25 1/2
3 26 -1
3 27 1
3 28 1
3 29 1/2
3 30 -1/2
3 31 -1
3 33 1
3 35 -1
3 38 -1
3 42 1/6
4 0 -4
4 2 -11/6
4 5 4/3
4 6 -19/6
4 7 11/6
4 8 -1/2
4 11 1
4 12 -1/2
4 13 1/2
4 14 1
4 17 1
4 18 -1
4 20 1
4 25 -1
4 26 1
4 27 -1
4 28 -1
4 30 1/2
4 33 -1
4 35 1
4 39 -1
5 0 -4
5 2 -11/6
5 5 4/3
5 6 -19/6
5 7 11/6
5 8 -1/2
5 10 1
5 12 1/2
5 13 -1/2
5 16 1
5 19 -1
5 21 -1
5 22 -1
5 23 1
5 24 1
5 30 1/2
5 33 -1
5 34 -1
5 37 1
6 5 1
6 6 -1
10 2 3/2
10 5 -3
10 6 3/2
10 7 3/2
10 8 -1/2
10 10 1
10 12 1/2
10 13 -1/2
10 21 -1/2
10 22 -1
10 23 1
10 30 1/2
10 32 -1/2
10 34 -1
10 36 -1
11 2 3/2
11 5 -3
11 6 3/2
11 7 3/2
11 8 -1/2
11 11 1
11 12 -1/2
11 13 1/2
11 14 1
11 25 -1/2
11 26 1
11 27 -1
11 28 -1
11 29 -1/2
11 30 1/2
11 31 1
11 33 -1
11 35 1
11 38 1
11 42 -1/6
14 2 -1
14 4 1
15 2 -1
15 3 1
15 7 -1
18 16 1
18 19 -1
18 21 -1/2
18 24 1
18 32 1/2
18 33 -1
18 36 1
18 37 1
19 17 1
19 18 -1
19 20 1
19 25 -1/2
19 29 1/2
19 31 -1
19 38 -1
19 39 -1
19 42 1/6
20 2 1
20 5 -1
20 7 1
21 2 1
21 6 -1
21 7 1
22 5 -1
22 6 1
31 5 -3/2
31 6 3/2
31 8 -1/2
31 11 1
31 12 -1/2
31 13 1/2
31 14 1
31 25 -1/2
31 26 1
31 27 -1
31 28 -1
31 29 -1/2
31 30 1/2
31 31 1
31 33 -1
31 35 1
31 38 1
31 42 -1/6
32 5 -3/2
32 6 3/2
32 8 -1/2
32 10 1
32 12 1/2
32 13 -1/2
32 21 -1/2
32 22 -1
32 23 1
32 30 1/2
32 32 -1/2
32 34 -1
32 36 -1
37 2 -1/2
37 4 1/2
38 2 -1/2
38 3 1/2
38 7 -1/2
42 1 -1
42 3 1
43 1 -1
43 4 1
43 7 1
48 5 1
48 6 -1
49 5 3
49 6 -3
56 4 1
56 5 -1
56 7 1
57 3 1
57 6 -1
78 0 -1/2
97 1 3/8
97 5 -3/4
97 6 3/8
105 0 -1/2
110 5 -3/16
110 6 3/16
111 5 -1/16
111 6 1/16
119 5 1
119 6 -1
139 5 1
139 6 -1
140 41 1/2
218 900 0
