4 22 2
4 25 -2
4 30 -1
4 34 2
4 40 1
4 42 -2
4 45 -2
4 46 1
4 50 -2
4 53 2
4 54 2
4 57 -1
4 63 2
4 64 2
4 68 -2
4 69 -2
4 77 1/3
5 23 2
5 24 -2
5 29 2
5 35 -1
5 40 1
5 45 -2
5 46 1
5 47 -2
5 50 -2
5 52 2
5 55 -1
5 56 2
5 65 -2
5 66 2
5 67 2
5 70 -2
5 77 1/3
6 6 3/2
6 8 -3/2
7 4 -3/2
7 5 3/2
7 10 -3/2
8 3 -3/2
8 6 3/2
9 5 3/2
9 9 -3/2
9 10 -3/2
10 0 -80/9
10 2 3/2
10 5 13/6
10 6 13/6
10 7 3/2
10 10 -13/3
10 11 1
10 12 -1
10 17 -1
10 20 -2
10 21 -1/2
10 24 1
10 25 1
10 29 -1
10 40 -1
10 42 1
10 45 2
10 46 -1
10 47 1
10 50 2
10 51 -1/2
10 54 -1
10 59 1
10 60 -1
10 61 1
10 62 -1
10 63 -1
10 65 1
10 66 -1
10 68 1
10 71 -1
10 72 -1
10 77 -1/3
11 0 -80/9
11 2 3/2
11 5 13/6
11 6 13/6
11 7 3/2
11 10 -13/3
11 11 1
11 12 -1
11 17 -1
11 20 -2
11 21 -1/2
11 24 1
11 25 1
11 29 -1
11 40 -1
11 42 1
11 45 2
11 46 -1
11 47 1
11 50 2
11 51 -1/2
11 54 -1
11 59 1
11 60 -1
11 61 1
11 62 -1
11 63 -1
11 65 1
11 66 -1
11 68 1
11 71 -1
11 72 -1
11 77 -1/3
12 4 -1
12 5 1
12 10 -1
13 6 1
13 8 -1
14 5 1
14 9 -1
14 10 -1
15 3 -1
15 6 1
16 0 -1/2
17 0 -1/2
18 0 -1/2
19 0 -1/2
38 3 1/2
38 6 -1/2
39 5 -1/2
39 9 1/2
39 10 1/2
42 4 1/2
42 5 -1/2
42 10 1/2
43 6 -1/2
43 8 1/2
45 6 -1
45 8 1
46 4 1
46 5 -1
46 10 1
47 3 1
47 6 -1
48 5 -1
48 9 1
48 10 1
49 23 -1
49 24 1
49 29 -1
49 35 1/2
49 40 -1/2
49 45 1
49 46 -1/2
49 47 1
49 50 1
49 52 -1
49 55 1/2
49 56 -1
49 65 1
49 66 -1
49 67 -1
49 70 1
49 77 -1/6
50 22 -1
50 25 1
50 30 1/2
50 34 -1
50 40 -1/2
50 42 1
50 45 1
50 46 -1/2
50 50 1
50 53 -1
50 54 -1
50 57 1/2
50 63 -1
50 64 -1
50 68 1
50 69 1
50 77 -1/6
62 7 1
62 9 -1
63 2 1
63 3 -1
63 10 1
64 2 1
64 4 -1
65 7 1
65 8 -1
65 10 1
155 4874 0
