6 1 -10/3
6 3 20/3
6 6 -20/3
6 8 10/3
6 11 1/2
6 15 -1
6 16 1
6 18 -1
6 30 -1
6 31 -1
6 34 3
6 41 1
6 43 1
6 46 1
6 48 -1
6 50 -3
6 55 1/2
6 59 1
7 1 -10/3
7 4 20/3
7 5 -20/3
7 9 10/3
7 10 10
7 11 1/2
7 15 1
7 16 -1
7 19 -1
7 20 -1
7 35 -1
7 37 -1
7 39 1
7 40 1
7 41 1
7 44 -1
7 45 -4
7 49 1
7 57 1/2
7 58 1
7 60 -1
7 77 7/3
8 1 -10/3
8 3 10/3
8 6 -20/3
8 8 20/3
8 11 1/2
8 13 -1
8 15 -1
8 16 1
8 30 1/2
8 31 1
8 32 -1
8 41 1
8 43 -1
8 46 1
8 50 -3
8 55 -1
8 56 3
8 61 1
9 1 -10/3
9 4 10/3
9 5 -20/3
9 9 20/3
9 10 10
9 11 1/2
9 14 -1
9 15 1
9 16 -1
9 20 -1
9 35 1/2
9 36 -1
9 37 1
9 39 1
9 40 1
9 41 1
9 45 -4
9 49 -1
9 57 -1
9 58 1
9 62 -1
9 77 7/3
10 0 12041/162
10 1 -5
10 2 -107/27
10 5 -389/18
10 6 -389/18
10 7 -107/27
10 10 434/9
10 11 -10/3
10 12 10/3
10 17 10/3
10 20 20/3
10 21 13/6
10 24 -7/3
10 25 -7/3
10 29 4/3
10 40 121/18
10 41 26/9
10 42 -7/3
10 45 -49/3
10 46 121/18
10 47 -7/3
10 50 -49/3
10 51 13/6
10 54 4/3
10 59 -10/3
10 60 10/3
10 61 -10/3
10 62 10/3
10 63 10/3
10 65 -10/3
10 66 10/3
10 68 -10/3
10 71 10/3
10 72 10/3
10 77 67/6
10 78 -9511944593/105379056
10 79 -812995829/32199156
10 80 27723152/2195397
10 81 376936896199/1738754424
10 82 -33197216765/105379056
10 83 -5408365969/17563176
10 84 -382/81
10 85 -2688764/387423
10 86 52433653/11364408
10 87 104189/14349
10 88 239593754/12784959
10 89 46043685523/52689528
10 90 -645684316/72448101
10 91 2147557958/72448101
10 93 4845115/387423
10 94 -1799093930/72448101
10 95 448/81
10 96 -4845115/387423
10 97 -621148/129141
10 98 -362/27
10 99 -227/81
10 100 6750643807/144896202
10 101 -773693813/17563176
10 102 -8405677/243933
10 103 8405677/243933
10 104 346/81
10 105 1910633/387423
10 106 115426277/17046612
10 107 551908597/8781588
10 108 -954819834193/869377212
10 109 336255885407/158068584
10 110 -35141256637/579584808
10 112 969023/129141
10 113 -444274/387423
10 114 -120757354499/48298734
10 115 -5000726980/6586191
10 116 6218538859/8781588
10 117 -7/9
10 119 161/81
10 120 -4/3
10 121 98521057/1162269
10 122 25927831409/17563176
10 123 2171878583/4390794
10 124 -221/27
10 125 155945/129141
10 126 -33434741/17046612
10 127 4/3
10 128 -1232417455/34093224
10 129 -4906000189/4390794
10 130 -61/54
10 131 -161/81
10 132 170/27
10 133 37/27
10 134 634/81
10 135 -102175/129141
10 136 38630/387423
10 137 268489/129141
10 139 2193593/387423
10 140 384240625/34093224
10 141 392687/129141
10 143 -325009951/17046612
10 144 -368002/43047
10 145 110870/43047
10 146 -12793902037/204559344
10 147 -978455635/11364408
10 148 -308281/43047
10 149 9347467/1549692
10 150 3910498/731799
10 151 1989492251/13172382
10 152 -1319773/172188
10 153 819009208/24149367
10 154 236170786187/289792404
10 155 40495/4783
10 156 66498043/5682204
10 157 2
10 158 44252/43047
10 159 738379717/34093224
10 162 -1/3
10 163 4/9
10 164 -16687/9566
10 166 -31419796217/35126352
10 167 390203785/19758573
10 168 -1543081079/96597468
10 169 9716536673/1159169616
10 170 -2910398489/1159169616
10 171 -394106077/16099578
10 172 -223/162
10 173 -1938046/387423
10 174 -2849737/774846
10 175 415/54
10 176 227/162
10 177 17075174959/386389872
10 178 -3538049617/289792404
10 179 -105457162/2683263
10 180 105457162/2683263
10 181 -28/81
10 182 3876092/387423
10 183 -1250578/129141
10 184 -22941403/4390794
10 185 163802827/8049789
10 186 2690812261/193194936
10 189 3876092/387423
10 190 -2690812261/193194936
10 191 -5369252513/579584808
10 192 1989605603/72448101
10 194 5176057577/289792404
10 195 -337198891/8781588
10 196 -53/27
10 197 1242296/129141
10 198 1683951103/48298734
10 199 -217/162
10 200 187/81
10 201 -40/27
10 202 -37/27
10 203 -47/27
10 204 -1715909/387423
10 205 969023/387423
10 206 969023/387423
10 207 -1178737/387423
10 208 209810/43047
10 209 67/9
10 210 -40/27
10 211 169/81
10 212 227/81
10 213 79/9
10 214 -43/27
10 216 2822512817/72448101
10 217 -41/9
10 218 -4679330813/144896202
10 221 26/81
10 222 43/9
10 226 2822512817/144896202
10 227 67/54
10 228 -7/9
10 229 415/54
10 231 -11906992049/204559344
10 232 -44900651/13172382
10 233 808141117/17563176
10 234 -808141117/17563176
10 235 -506/81
10 236 1660331/387423
10 237 -16483351/17046612
10 238 953296417/17563176
10 239 8405677/487866
10 240 -8405677/243933
10 241 -15819547/5682204
10 242 -505536745/8781588
10 243 8405677/487866
10 244 15819547/5682204
10 245 505536745/8781588
10 246 -173/81
10 247 -26/81
10 248 74/9
10 249 -1910633/774846
10 250 -1420361/387423
10 251 -581255/43047
10 252 53700341/5682204
10 253 -832925/172188
10 254 3422632/731799
10 255 8389917/162622
10 256 -198087323/5366526
10 257 18857071/2841102
10 258 2822512817/144896202
10 259 28475507/8523306
10 260 -142111/86094
10 261 -190995227/1951464
10 262 3373784542873/2608131636
10 263 -2985966814913/1159169616
10 264 3157782388613/3477508848
10 266 -969023/387423
10 267 3351343/774846
10 268 4809698696449/1738754424
10 269 490533910151/386389872
10 270 -1526179309351/869377212
10 271 -2530630656067/869377212
10 272 -33814521929/217344303
10 273 336255885407/158068584
10 275 2684932/387423
10 276 -969023/129141
10 277 -969023/129141
10 278 222137/387423
10 279 444274/387423
10 280 -647530984127/869377212
10 281 -371619316901/217344303
10 283 -2822512817/144896202
10 285 25932835521865/20865053088
10 286 -15069243107/158068584
10 287 59675553521/105379056
10 288 1/3
10 290 -138670877/34093224
10 291 2/3
10 292 176796571/5682204
10 293 16196228479/35126352
10 294 -18928006709/52689528
10 295 7/3
10 296 13575869/17046612
10 297 -4/3
10 298 -8820240941/102279672
10 299 -57244894321/52689528
10 300 -25/18
10 301 -1
10 302 -8/9
10 303 16/9
10 304 -4/3
10 308 -62276801/68186448
10 309 5678557/1262712
10 310 138670877/17046612
10 311 22/9
10 312 -32/9
10 313 -2023038779/17046612
10 314 -6214288631/102279672
10 316 6578459641/102279672
10 318 2303534898475/1738754424
10 319 124997/19132
10 320 -105457162/2683263
10 321 1460641030055/1738754424
10 322 -2/3
10 323 -15819547/5682204
10 324 -8/9
10 325 -738327685/102279672
10 328 3582122525/144896202
10 329 19525360/4261653
10 330 -1/3
10 331 1/3
10 333 -92311315309/316137168
10 334 -4865420819/26344764
10 335 22/9
10 336 -150959/19132
10 337 -848759/1033128
10 338 -69865/86094
10 339 1923820145/102279672
10 340 21192932891/52689528
10 341 11/54
10 342 49/9
10 344 -121/27
10 345 2173955/516564
10 346 150446/129141
10 347 -45649/43047
10 348 4037897/258282
10 349 -53662175/3788136
10 350 68213/2841102
10 351 -187259/86094
10 352 85708/14349
10 353 6258746653/102279672
10 354 98521057/1162269
10 355 170809/43047
10 356 -279007573/17046612
10 357 2/3
10 358 429565633825/579584808
10 359 43314167/975732
10 360 105457162/2683263
10 361 -4114488913/9298152
10 362 1254913/86094
10 363 15819547/5682204
10 364 8/9
10 365 -52212287/2324538
10 368 -3678719993/144896202
10 369 -19525360/4261653
10 370 -1/3
10 371 -170809/86094
10 373 207347373173/316137168
10 374 -307/486
10 375 253/162
10 376 79/54
10 377 -43/81
10 378 242/81
10 379 13/81
10 380 55/81
10 381 268/81
10 382 -41/18
10 383 -170/27
10 384 -52/81
10 385 -85/27
10 386 1/3
10 387 13/81
10 390 41/9
10 391 -374/81
10 394 -26/81
10 395 37/18
10 400 -67/54
10 401 7/9
10 402 -415/54
10 404 -5669/1944
10 405 1947506/1162269
10 406 1504085/387423
10 407 -5158355/516564
10 409 7000283/774846
10 410 -50680/387423
10 411 -46577/129141
10 413 356708/129141
10 414 194225/172188
10 415 -845759/258282
10 418 -141478/43047
10 419 -1938046/387423
10 420 -176101/43047
10 421 3876092/387423
10 422 -3330994/387423
10 423 16676/43047
10 425 -720061/129141
10 426 1923067/258282
10 428 -23246803/9298152
10 429 16157135/9298152
10 430 -281731/258282
10 431 -672947401/68186448
10 432 -103437469/22728816
10 433 -57685/43047
10 434 -46577/129141
10 435 -82746107/11364408
10 436 -5678557/1262712
10 437 -11554/14349
10 438 28475507/4261653
10 439 1466947/129141
10 440 176101/43047
10 441 -3876092/387423
10 442 129853081/8523306
10 443 66704/43047
10 445 720061/129141
10 446 28475507/8523306
10 447 -1923067/258282
10 449 1465164785/204559344
10 450 3915679/516564
10 451 -276673/19132
10 452 -8344/14349
10 453 23345/9566
10 454 11/18
10 455 479453/43047
10 456 142111/86094
10 457 1389499/86094
10 458 45529037611/613678032
10 459 24552874079/204559344
10 460 -5312698261/102279672
10 461 -5247366467/51139836
10 463 -28475507/8523306
10 465 7608006049/1227356064
10 466 18056/4783
10 467 -5521347025/102279672
10 468 -7820996/731799
10 469 -1927422388541/869377212
10 470 -277649407/2927196
10 471 13160681/4390794
10 472 -1054128160223/869377212
10 473 -1068266/43047
10 474 -3157945/172188
10 475 -47/18
10 476 -523705/43047
10 477 410264581/51139836
10 480 -2677616615/144896202
10 481 -28475507/8523306
10 482 2/9
10 483 146147/43047
10 486 16
10 487 -8468900831/289792404
10 488 -2774214083/144896202
10 489 385895174/8049789
10 490 -29225202071/579584808
10 491 -782577202381/869377212
10 492 -16812698929/289792404
10 493 -2774214083/289792404
10 494 2180762851/144896202
10 495 -2684932/387423
10 496 466302969991/869377212
10 497 -646456120775/1738754424
10 498 79475950/6586191
10 499 3772903/487866
10 500 -2967409019/193194936
10 501 -1959641902/72448101
10 502 2774214083/193194936
10 503 -790773473/26344764
10 504 -27159311/1463598
10 505 531631/2195397
10 506 -234228412609/434688606
10 507 1531468225/5854392
10 508 6913451005/17563176
10 509 -121853234/2195397
10 510 1292272343/8781588
10 513 -104409655/34093224
10 514 -28475507/8523306
10 515 31800689/3788136
10 516 -765976763/34093224
10 517 -1381834139/25569918
10 518 -69178457/8523306
10 519 -28475507/17046612
10 520 20893298/4261653
10 521 -121/162
10 522 10667639429/102279672
10 523 150387925/102279672
10 524 -13689487/774846
10 525 -17111099/11364408
10 526 549407035/34093224
10 527 28475507/11364408
10 528 45346589/3099384
10 529 -1283663173/102279672
10 530 1938046/387423
10 531 1938046/387423
10 532 1715909/387423
10 533 2684932/387423
10 534 -2462795/387423
10 535 -2053415/258282
10 536 317119/86094
10 537 -110956/129141
10 538 32177/14349
10 539 -608917/86094
10 540 -241139/43047
10 541 172597/86094
10 542 20707/86094
10 543 96430/43047
10 544 -33535/9566
10 545 -463726/43047
10 546 -53087/43047
10 547 77365/86094
10 548 -142111/86094
10 549 55478/43047
10 550 -20213/43047
10 551 1386095/43047
10 552 -13/81
10 553 -13/81
10 554 -253/162
10 555 121/162
10 556 116/81
10 557 22/27
10 558 1
10 559 5/9
10 560 -53/27
10 562 -65/18
10 563 16/3
10 564 31/18
10 565 16
10 566 8/9
10 567 -4/9
10 568 4/3
10 570 4/3
10 582 -13966336853/105379056
10 583 -54127450375/26344764
11 0 12041/162
11 1 -5
11 2 -107/27
11 5 -389/18
11 6 -389/18
11 7 -107/27
11 10 434/9
11 11 -10/3
11 12 10/3
11 17 10/3
11 20 20/3
11 21 13/6
11 24 -7/3
11 25 -7/3
11 29 4/3
11 40 121/18
11 41 26/9
11 42 -7/3
11 45 -49/3
11 46 121/18
11 47 -7/3
11 50 -49/3
11 51 13/6
11 54 4/3
11 59 -10/3
11 60 10/3
11 61 -10/3
11 62 10/3
11 63 10/3
11 65 -10/3
11 66 10/3
11 68 -10/3
11 71 10/3
11 72 10/3
11 77 67/6
11 78 -9511944593/105379056
11 79 -812995829/32199156
11 80 27723152/2195397
11 81 376936896199/1738754424
11 82 -33197216765/105379056
11 83 -5408365969/17563176
11 84 -382/81
11 85 -2688764/387423
11 86 52433653/11364408
11 87 104189/14349
11 88 239593754/12784959
11 89 46043685523/52689528
11 90 -645684316/72448101
11 91 2147557958/72448101
11 93 4845115/387423
11 94 -1799093930/72448101
11 95 448/81
11 96 -4845115/387423
11 97 -621148/129141
11 98 -362/27
11 99 -227/81
11 100 6750643807/144896202
11 101 -773693813/17563176
11 102 -8405677/243933
11 103 8405677/243933
11 104 346/81
11 105 1910633/387423
11 106 115426277/17046612
11 107 551908597/8781588
11 108 -954819834193/869377212
11 109 336255885407/158068584
11 110 -35141256637/579584808
11 112 969023/129141
11 113 -444274/387423
11 114 -120757354499/48298734
11 115 -5000726980/6586191
11 116 6218538859/8781588
11 117 -7/9
11 119 161/81
11 120 -4/3
11 121 98521057/1162269
11 122 25927831409/17563176
11 123 2171878583/4390794
11 124 -221/27
11 125 155945/129141
11 126 -33434741/17046612
11 127 4/3
11 128 -1232417455/34093224
11 129 -4906000189/4390794
11 130 -61/54
11 131 -161/81
11 132 170/27
11 133 37/27
11 134 634/81
11 135 -102175/129141
11 136 38630/387423
11 137 268489/129141
11 139 2193593/387423
11 140 384240625/34093224
11 141 392687/129141
11 143 -325009951/17046612
11 144 -368002/43047
11 145 110870/43047
11 146 -12793902037/204559344
11 147 -978455635/11364408
11 148 -308281/43047
11 149 9347467/1549692
11 150 3910498/731799
11 151 1989492251/13172382
11 152 -1319773/172188
11 153 819009208/24149367
11 154 236170786187/289792404
11 155 40495/4783
11 156 66498043/5682204
11 157 2
11 158 44252/43047
11 159 738379717/34093224
11 162 -1/3
11 163 4/9
11 164 -16687/9566
11 166 -31419796217/35126352
11 167 390203785/19758573
11 168 -1543081079/96597468
11 169 9716536673/1159169616
11 170 -2910398489/1159169616
11 171 -394106077/16099578
11 172 -223/162
11 173 -1938046/387423
11 174 -2849737/774846
11 175 415/54
11 176 227/162
11 177 17075174959/386389872
11 178 -3538049617/289792404
11 179 -105457162/2683263
11 180 105457162/2683263
11 181 -28/81
11 182 3876092/387423
11 183 -1250578/129141
11 184 -22941403/4390794
11 185 163802827/8049789
11 186 2690812261/193194936
11 189 3876092/387423
11 190 -2690812261/193194936
11 191 -5369252513/579584808
11 192 1989605603/72448101
11 194 5176057577/289792404
11 195 -337198891/8781588
11 196 -53/27
11 197 1242296/129141
11 198 1683951103/48298734
11 199 -217/162
11 200 187/81
11 201 -40/27
11 202 -37/27
11 203 -47/27
11 204 -1715909/387423
11 205 969023/387423
11 206 969023/387423
11 207 -1178737/387423
11 208 209810/43047
11 209 67/9
11 210 -40/27
11 211 169/81
11 212 227/81
11 213 79/9
11 214 -43/27
11 216 2822512817/72448101
11 217 -41/9
11 218 -4679330813/144896202
11 221 26/81
11 222 43/9
11 226 2822512817/144896202
11 227 67/54
11 228 -7/9
11 229 415/54
11 231 -11906992049/204559344
11 232 -44900651/13172382
11 233 808141117/17563176
11 234 -808141117/17563176
11 235 -506/81
11 236 1660331/387423
11 237 -16483351/17046612
11 238 953296417/17563176
11 239 8405677/487866
11 240 -8405677/243933
11 241 -15819547/5682204
11 242 -505536745/8781588
11 243 8405677/487866
11 244 15819547/5682204
11 245 505536745/8781588
11 246 -173/81
11 247 -26/81
11 248 74/9
11 249 -1910633/774846
11 250 -1420361/387423
11 251 -581255/43047
11 252 53700341/5682204
11 253 -832925/172188
11 254 3422632/731799
11 255 8389917/162622
11 256 -198087323/5366526
11 257 18857071/2841102
11 258 2822512817/144896202
11 259 28475507/8523306
11 260 -142111/86094
11 261 -190995227/1951464
11 262 3373784542873/2608131636
11 263 -2985966814913/1159169616
11 264 3157782388613/3477508848
11 266 -969023/387423
11 267 3351343/774846
11 268 4809698696449/1738754424
11 269 490533910151/386389872
11 270 -1526179309351/869377212
11 271 -2530630656067/869377212
11 272 -33814521929/217344303
11 273 336255885407/158068584
11 275 2684932/387423
11 276 -969023/129141
11 277 -969023/129141
11 278 222137/387423
11 279 444274/387423
11 280 -647530984127/869377212
11 281 -371619316901/217344303
11 283 -2822512817/144896202
11 285 25932835521865/20865053088
11 286 -15069243107/158068584
11 287 59675553521/105379056
11 288 1/3
11 290 -138670877/34093224
11 291 2/3
11 292 176796571/5682204
11 293 16196228479/35126352
11 294 -18928006709/52689528
11 295 7/3
11 296 13575869/17046612
11 297 -4/3
11 298 -8820240941/102279672
11 299 -57244894321/52689528
11 300 -25/18
11 301 -1
11 302 -8/9
11 303 16/9
11 304 -4/3
11 308 -62276801/68186448
11 309 5678557/1262712
11 310 138670877/17046612
11 311 22/9
11 312 -32/9
11 313 -2023038779/17046612
11 314 -6214288631/102279672
11 316 6578459641/102279672
11 318 2303534898475/1738754424
11 319 124997/19132
11 320 -105457162/2683263
11 321 1460641030055/1738754424
11 322 -2/3
11 323 -15819547/5682204
11 324 -8/9
11 325 -738327685/102279672
11 328 3582122525/144896202
11 329 19525360/4261653
11 330 -1/3
11 331 1/3
11 333 -92311315309/316137168
11 334 -4865420819/26344764
11 335 22/9
11 336 -150959/19132
11 337 -848759/1033128
11 338 -69865/86094
11 339 1923820145/102279672
11 340 21192932891/52689528
11 341 11/54
11 342 49/9
11 344 -121/27
11 345 2173955/516564
11 346 150446/129141
11 347 -45649/43047
11 348 4037897/258282
11 349 -53662175/3788136
11 350 68213/2841102
11 351 -187259/86094
11 352 85708/14349
11 353 6258746653/102279672
11 354 98521057/1162269
11 355 170809/43047
11 356 -279007573/17046612
11 357 2/3
11 358 429565633825/579584808
11 359 43314167/975732
11 360 105457162/2683263
11 361 -4114488913/9298152
11 362 1254913/86094
11 363 15819547/5682204
11 364 8/9
11 365 -52212287/2324538
11 368 -3678719993/144896202
11 369 -19525360/4261653
11 370 -1/3
11 371 -170809/86094
11 373 207347373173/316137168
11 374 -307/486
11 375 253/162
11 376 79/54
11 377 -43/81
11 378 242/81
11 379 13/81
11 380 55/81
11 381 268/81
11 382 -41/18
11 383 -170/27
11 384 -52/81
11 385 -85/27
11 386 1/3
11 387 13/81
11 390 41/9
11 391 -374/81
11 394 -26/81
11 395 37/18
11 400 -67/54
11 401 7/9
11 402 -415/54
11 404 -5669/1944
11 405 1947506/1162269
11 406 1504085/387423
11 407 -5158355/516564
11 409 7000283/774846
11 410 -50680/387423
11 411 -46577/129141
11 413 356708/129141
11 414 194225/172188
11 415 -845759/258282
11 418 -141478/43047
11 419 -1938046/387423
11 420 -176101/43047
11 421 3876092/387423
11 422 -3330994/387423
11 423 16676/43047
11 425 -720061/129141
11 426 1923067/258282
11 428 -23246803/9298152
11 429 16157135/9298152
11 430 -281731/258282
11 431 -672947401/68186448
11 432 -103437469/22728816
11 433 -57685/43047
11 434 -46577/129141
11 435 -82746107/11364408
11 436 -5678557/1262712
11 437 -11554/14349
11 438 28475507/4261653
11 439 1466947/129141
11 440 176101/43047
11 441 -3876092/387423
11 442 129853081/8523306
11 443 66704/43047
11 445 720061/129141
11 446 28475507/8523306
11 447 -1923067/258282
11 449 1465164785/204559344
11 450 3915679/516564
11 451 -276673/19132
11 452 -8344/14349
11 453 23345/9566
11 454 11/18
11 455 479453/43047
11 456 142111/86094
11 457 1389499/86094
11 458 45529037611/613678032
11 459 24552874079/204559344
11 460 -5312698261/102279672
11 461 -5247366467/51139836
11 463 -28475507/8523306
11 465 7608006049/1227356064
11 466 18056/4783
11 467 -5521347025/102279672
11 468 -7820996/731799
11 469 -1927422388541/869377212
11 470 -277649407/2927196
11 471 13160681/4390794
11 472 -1054128160223/869377212
11 473 -1068266/43047
11 474 -3157945/172188
11 475 -47/18
11 476 -523705/43047
11 477 410264581/51139836
11 480 -2677616615/144896202
11 481 -28475507/8523306
11 482 2/9
11 483 146147/43047
11 486 -16
11 487 -8468900831/289792404
11 488 -2774214083/144896202
11 489 385895174/8049789
11 490 -29225202071/579584808
11 491 -782577202381/869377212
11 492 -16812698929/289792404
11 493 -2774214083/289792404
11 494 2180762851/144896202
11 495 -2684932/387423
11 496 466302969991/869377212
11 497 -646456120775/1738754424
11 498 79475950/6586191
11 499 3772903/487866
11 500 -2967409019/193194936
11 501 -1959641902/72448101
11 502 2774214083/193194936
11 503 -790773473/26344764
11 504 -27159311/1463598
11 505 531631/2195397
11 506 -234228412609/434688606
11 507 1531468225/5854392
11 508 6913451005/17563176
11 509 -121853234/2195397
11 510 1292272343/8781588
11 513 -104409655/34093224
11 514 -28475507/8523306
11 515 31800689/3788136
11 516 -765976763/34093224
11 517 -1381834139/25569918
11 518 -69178457/8523306
11 519 -28475507/17046612
11 520 20893298/4261653
11 521 -121/162
11 522 10667639429/102279672
11 523 150387925/102279672
11 524 -13689487/774846
11 525 -17111099/11364408
11 526 549407035/34093224
11 527 28475507/11364408
11 528 45346589/3099384
11 529 -1283663173/102279672
11 530 1938046/387423
11 531 1938046/387423
11 532 1715909/387423
11 533 2684932/387423
11 534 -2462795/387423
11 535 -2053415/258282
11 536 317119/86094
11 537 -110956/129141
11 538 32177/14349
11 539 -608917/86094
11 540 -241139/43047
11 541 172597/86094
11 542 20707/86094
11 543 96430/43047
11 544 -33535/9566
11 545 -463726/43047
11 546 -53087/43047
11 547 77365/86094
11 548 -142111/86094
11 549 55478/43047
11 550 -20213/43047
11 551 1386095/43047
11 552 -13/81
11 553 -13/81
11 554 -253/162
11 555 121/162
11 556 116/81
11 557 22/27
11 558 1
11 559 5/9
11 560 -53/27
11 562 -65/18
11 563 16/3
11 564 31/18
11 565 -16
11 566 8/9
11 567 -4/9
11 568 4/3
11 570 4/3
11 582 -13966336853/105379056
11 583 -54127450375/26344764
16 0 14/3
16 1 -13/33
16 3 -1
16 5 63/22
16 6 -53/66
16 8 -5/3
16 10 1
16 11 -13/6
16 13 13/3
16 15 13/6
16 16 -13/6
16 30 -13/6
16 31 -13/3
16 32 13/3
16 41 13/6
16 46 -13/6
16 61 -13/3
16 63 -13/3
17 0 14/3
17 1 -13/33
17 4 -1
17 5 -20/33
17 6 8/3
17 9 -5/3
17 10 -5/3
17 11 -13/6
17 14 13/3
17 15 -13/6
17 16 13/6
17 20 13/3
17 35 -13/6
17 36 13/3
17 37 -13/3
17 39 -13/3
17 40 -13/6
17 41 13/6
17 45 13/3
17 50 -13/3
17 62 13/3
17 65 13/3
17 77 -13/18
18 0 14/3
18 1 -13/33
18 3 -1/3
18 5 63/22
18 6 -53/66
18 8 -7/3
18 10 1
18 11 -13/6
18 15 13/6
18 16 -13/6
18 18 13/3
18 41 13/6
18 43 -13/3
18 46 -13/6
18 48 13/3
18 55 -13/6
18 59 -13/3
18 66 -13/3
19 0 14/3
19 1 -13/33
19 4 -1/3
19 5 -20/33
19 6 8/3
19 9 -7/3
19 10 -5/3
19 11 -13/6
19 15 -13/6
19 16 13/6
19 19 13/3
19 20 13/3
19 40 -13/6
19 41 13/6
19 44 13/3
19 45 13/3
19 49 -13/3
19 50 -13/3
19 57 -13/6
19 58 -13/3
19 60 13/3
19 68 13/3
19 77 -13/18
38 1 -3
38 3 3
38 6 10/3
38 8 -10/3
38 11 5/2
38 13 -5
38 15 -5
38 16 5
38 30 5/2
38 31 5
38 32 -5
38 41 -1/3
38 43 1/3
38 46 -1/3
38 50 1
38 55 1/3
38 56 -1
38 61 5
38 66 1/3
39 1 -3
39 4 3
39 5 10/3
39 9 -10/3
39 10 -1/3
39 11 5/2
39 14 -5
39 15 5
39 16 -5
39 20 -5
39 35 5/2
39 36 -5
39 37 5
39 39 5
39 40 -1/3
39 41 -1/3
39 45 -4
39 49 1/3
39 50 16/3
39 57 1/3
39 58 -1/3
39 62 -5
39 68 -1/3
39 77 17/18
42 1 -3
42 4 -10/3
42 5 10/3
42 9 3
42 10 -1/3
42 11 5/2
42 15 5
42 16 -5
42 19 -5
42 20 -5
42 35 1/3
42 37 1/3
42 39 -1/3
42 40 -1/3
42 41 -1/3
42 44 -5
42 45 -4
42 49 5
42 50 16/3
42 57 5/2
42 58 5
42 60 -5
42 65 -1/3
42 77 17/18
43 1 -3
43 3 -10/3
43 6 10/3
43 8 3
43 11 5/2
43 15 -5
43 16 5
43 18 -5
43 30 1/3
43 31 1/3
43 34 -1
43 41 -1/3
43 43 5
43 46 -1/3
43 48 -5
43 50 1
43 55 5/2
43 59 5
43 63 1/3
70 11 1/3
70 13 -2/3
70 15 -1/3
70 16 1/3
70 30 1/3
70 31 2/3
70 32 -2/3
70 41 -1/3
70 46 1/3
70 61 2/3
70 63 2/3
71 11 1/3
71 14 -2/3
71 15 1/3
71 16 -1/3
71 20 -2/3
71 35 1/3
71 36 -2/3
71 37 2/3
71 39 2/3
71 40 1/3
71 41 -1/3
71 45 -2/3
71 50 2/3
71 62 -2/3
71 65 -2/3
71 77 1/9
72 11 1/3
72 15 -1/3
72 16 1/3
72 18 -2/3
72 41 -1/3
72 43 2/3
72 46 1/3
72 48 -2/3
72 55 1/3
72 59 2/3
72 66 2/3
73 11 1/3
73 15 1/3
73 16 -1/3
73 19 -2/3
73 20 -2/3
73 40 1/3
73 41 -1/3
73 44 -2/3
73 45 -2/3
73 49 2/3
73 50 2/3
73 57 1/3
73 58 2/3
73 60 -2/3
73 68 -2/3
73 77 1/9
78 1 2
78 6 -2
79 1 2
79 5 -2
80 1 2
80 6 -2
81 1 2
81 5 -2
82 1 -1/3
82 3 1/3
83 1 -1/3
83 4 1/3
83 10 1/3
84 1 -1/3
84 8 1/3
85 1 -1/3
85 9 1/3
85 10 1/3
90 78 -1735/204
90 79 -83/34
90 80 3/17
90 81 1123/51
90 82 -3107/102
90 83 -1727/68
90 89 4141/51
90 90 14/17
90 91 40/17
90 94 -40/17
90 100 83/17
90 101 -43/34
90 102 -6/17
90 103 6/17
90 107 37/17
90 108 -10789/102
90 109 10246/51
90 110 -181/17
90 114 -3983/17
90 115 -13733/204
90 116 2157/34
90 122 2252/17
90 123 1507/34
90 129 -1728/17
90 150 -15/34
90 151 265/17
90 153 40/17
90 154 2569/34
90 166 -4094/51
90 167 196/51
90 168 -37/34
90 169 -1/136
90 170 -111/136
90 171 -20/17
90 177 307/136
90 178 -37/34
90 179 -40/17
90 180 40/17
90 184 -3/17
90 185 23/17
90 186 185/68
90 190 -185/68
90 191 -111/68
90 192 40/17
90 194 111/34
90 195 -9/34
90 198 -31/17
90 216 74/17
90 218 -37/17
90 226 37/17
90 231 -65/24
90 232 -103/51
90 233 43/34
90 234 -43/34
90 238 249/34
90 239 3/17
90 240 -6/17
90 242 -37/17
90 243 3/17
90 245 37/17
90 254 -83/34
90 255 3/17
90 256 -37/17
90 258 37/17
90 261 -1299/136
90 262 152875/1224
90 263 -33297/136
90 264 4543/51
90 268 106703/408
90 269 7949/68
90 270 -8543/51
90 271 -27253/102
90 272 -580/51
90 273 10246/51
90 280 -3661/51
90 281 -16961/102
90 283 -37/17
90 285 273385/2448
90 286 -1226/153
90 287 10411/204
90 293 1365/34
90 294 -3361/102
90 299 -5062/51
90 317 -2
90 318 12785/102
90 320 -40/17
90 321 3698/51
90 328 37/17
90 333 -63953/2448
90 334 -787/51
90 340 1772/51
90 357 2
90 358 2207/34
90 359 3/17
90 360 40/17
90 361 -253/6
90 368 -37/17
90 373 79835/1224
90 468 49/17
90 469 -10498/51
90 470 -6/17
90 471 -3/17
90 472 -5401/51
90 480 -37/17
90 487 -77/34
90 488 -37/17
90 489 94/17
90 490 -235/34
90 491 -4412/51
90 492 -191/34
90 493 -37/34
90 494 37/17
90 496 6235/102
90 497 -1703/51
90 498 6/17
90 499 -19/34
90 500 -111/68
90 501 -26/17
90 502 111/68
90 503 -9/34
90 504 -63/34
90 505 5/17
90 506 -4991/102
90 507 783/34
90 508 1191/34
90 509 -6/17
90 510 437/34
90 582 -11461/816
90 583 -8817/68
91 508 -2
92 78 206006899/13172382
92 79 378079187/48298734
92 80 -9169244/2195397
92 81 -4774274105/217344303
92 82 451043600/6586191
92 83 282424465/4390794
92 85 1361548/129141
92 86 -46986185/2841102
92 87 -112955/14349
92 88 -467539652/12784959
92 89 -1104336569/6586191
92 90 276500333/48298734
92 91 -137312935/24149367
92 93 -1876265/129141
92 94 22380208/8049789
92 96 1876265/129141
92 97 375253/129141
92 100 42954679/24149367
92 101 39406594/2195397
92 102 4158509/243933
92 103 -4158509/243933
92 105 -1122829/129141
92 106 -8391986/1420551
92 107 -60474700/2195397
92 108 129353009455/869377212
92 109 -6489445573/19758573
92 110 -6573926143/144896202
92 112 -375253/43047
92 113 747974/129141
92 114 20176297495/48298734
92 115 1089004363/6586191
92 116 -341287465/2195397
92 121 -175608814/1162269
92 122 -722837758/2195397
92 123 -214286338/2195397
92 125 75226/14349
92 126 1421401/473517
92 128 628728911/8523306
92 129 524862257/2195397
92 135 21131/43047
92 136 -916864/129141
92 137 -17379/4783
92 139 -1808068/129141
92 140 -38356723/2841102
92 141 202646/14349
92 143 31052014/1420551
92 144 208255/28698
92 145 5885/4783
92 146 5749580641/51139836
92 147 15832781/105226
92 148 139628/14349
92 149 -4733435/387423
92 150 -1251040/731799
92 151 -68960771/6586191
92 152 73016/4783
92 153 -137312935/24149367
92 154 -20080571759/144896202
92 155 -23264/4783
92 156 -20743105/1420551
92 158 -11672/14349
92 159 -340168025/8523306
92 164 -17066/14349
92 166 1612712207/8781588
92 167 38681821/13172382
92 168 16929809/24149367
92 169 -603790093/96597468
92 170 -510589061/96597468
92 171 558346801/48298734
92 173 750506/129141
92 174 -375253/129141
92 177 -136313827/10733052
92 178 16929809/24149367
92 179 418002179/24149367
92 180 -418002179/24149367
92 182 -1501012/129141
92 183 1501012/129141
92 184 1044983/243933
92 185 -344219569/48298734
92 186 476729443/48298734
92 189 -1501012/129141
92 190 -476729443/48298734
92 191 -90028679/48298734
92 192 -22380208/8049789
92 194 90028679/24149367
92 195 7392599/487866
92 197 -750506/129141
92 198 -313865122/24149367
92 204 376519/129141
92 205 -375253/129141
92 206 -375253/129141
92 207 373987/129141
92 208 -375253/43047
92 216 -67719236/24149367
92 218 33859618/24149367
92 226 -33859618/24149367
92 231 108394663/17046612
92 232 -27318277/13172382
92 233 -98503285/4390794
92 234 98503285/4390794
92 236 1158241/258282
92 237 648346/157839
92 238 -51494911/4390794
92 239 -4158509/487866
92 240 4158509/243933
92 241 1678537/473517
92 242 61076704/2195397
92 243 -4158509/487866
92 244 -1678537/473517
92 245 -61076704/2195397
92 249 1122829/258282
92 250 305125/129141
92 251 -11804/43047
92 252 2673505/1420551
92 253 -298022/129141
92 254 -1251040/731799
92 255 -18309523/731799
92 256 33859618/24149367
92 257 24410879/1420551
92 258 -33859618/24149367
92 259 -12473866/1420551
92 260 4810/4783
92 261 137679355/4390794
92 262 -416245747087/2608131636
92 263 53502124339/144896202
92 264 -21686207453/217344303
92 266 375253/129141
92 267 -1873733/258282
92 268 -363620925677/869377212
92 269 -16789034923/72448101
92 270 106466608241/434688606
92 271 237769613441/434688606
92 272 28011486397/434688606
92 273 -6489445573/19758573
92 275 -751772/129141
92 276 375253/43047
92 277 375253/43047
92 278 -373987/129141
92 279 -747974/129141
92 280 45541430863/434688606
92 281 43265497478/217344303
92 283 33859618/24149367
92 285 -1394433208381/5216263272
92 286 917616617/39517146
92 287 -794256551/6586191
92 290 6236933/947034
92 292 -225315418/4261653
92 293 -232472083/2195397
92 294 461677357/6586191
92 296 -1678537/473517
92 298 3879422033/25569918
92 299 1576741040/6586191
92 308 6236933/1894068
92 309 -31184665/2841102
92 310 -6236933/473517
92 313 884583179/4261653
92 314 2687756891/25569918
92 315 -2
92 316 -2842889833/25569918
92 318 -88841595319/434688606
92 319 -182558/14349
92 320 418002179/24149367
92 321 -89498174963/434688606
92 323 1678537/473517
92 325 385258201/25569918
92 328 -244139809/24149367
92 329 -12473866/1420551
92 331 2
92 333 4913334697/79034292
92 334 473164819/13172382
92 336 48223/14349
92 337 24767/86094
92 338 22808/14349
92 339 -951107429/25569918
92 340 -482894572/6586191
92 345 -32833/4783
92 346 7792/14349
92 347 -61954/14349
92 348 -109718/14349
92 349 34518757/2841102
92 350 184804/52613
92 351 -2723/4783
92 352 -29278/14349
92 353 -2882804383/25569918
92 354 -175608814/1162269
92 355 -54/4783
92 356 48093481/1420551
92 358 -4091554762/24149367
92 359 -8999065/731799
92 360 -418002179/24149367
92 361 64012088/1162269
92 362 -44816/4783
92 363 -1678537/473517
92 365 47115100/1162269
92 368 244139809/24149367
92 369 12473866/1420551
92 371 -4756/4783
92 373 -5722808665/39517146
92 405 -1253278/387423
92 406 -129688/129141
92 407 77845/9566
92 409 -789224/129141
92 410 124814/129141
92 411 5609/14349
92 413 18190/4783
92 414 27509/28698
92 415 86582/14349
92 418 -23089/14349
92 419 750506/129141
92 420 -36490/14349
92 421 -1501012/129141
92 422 1427954/129141
92 423 -14530/14349
92 425 374831/43047
92 426 2798/14349
92 428 10353013/1549692
92 429 -1279889/86094
92 430 -112955/14349
92 431 37898813/1894068
92 432 23001293/5682204
92 433 -208255/28698
92 434 5609/14349
92 435 41255887/2841102
92 436 31184665/2841102
92 437 -46364/4783
92 438 -24947732/1420551
92 439 -376097/43047
92 440 36490/14349
92 441 1501012/129141
92 442 8703385/1420551
92 443 -58120/14349
92 445 -374831/43047
92 446 -12473866/1420551
92 447 -2798/14349
92 449 -1455268/473517
92 450 -303497/86094
92 451 55790/14349
92 452 -3839/14349
92 453 11616/4783
92 455 -64468/14349
92 456 -4810/4783
92 457 -492667/86094
92 458 -19651311571/153419508
92 459 -10598970023/51139836
92 460 2452035961/25569918
92 461 2290806101/12784959
92 463 12473866/1420551
92 465 -2113372429/306839016
92 466 -35643/4783
92 467 2289613885/25569918
92 468 2502080/731799
92 469 167040991921/434688606
92 470 25447598/731799
92 471 1044983/243933
92 472 62899684664/217344303
92 473 56464/4783
92 474 -333434/129141
92 476 25380/4783
92 477 -200643163/12784959
92 480 33859618/24149367
92 481 12473866/1420551
92 483 2636/14349
92 487 150620599/16099578
92 488 33859618/24149367
92 489 7937837/48298734
92 490 -3395291675/144896202
92 491 24245257474/217344303
92 492 188102362/24149367
92 493 16929809/24149367
92 494 12183145/8049789
92 495 751772/129141
92 496 24737671243/434688606
92 497 36301194365/434688606
92 498 -2089966/243933
92 499 -405719/81311
92 500 16929809/16099578
92 501 551126203/48298734
92 502 -16929809/16099578
92 503 1044983/162622
92 504 7608376/731799
92 505 717488/2195397
92 506 42581183455/434688606
92 507 -43099102/731799
92 508 -162995981/2195397
92 509 44326898/2195397
92 510 -63954044/2195397
92 513 17509477/2841102
92 514 12473866/1420551
92 515 -54931075/2841102
92 516 299603107/8523306
92 517 1148796994/12784959
92 518 2638490/157839
92 519 6236933/1420551
92 520 -12473866/1420551
92 522 -4531387001/25569918
92 523 -16028125/25569918
92 524 4208318/129141
92 525 6236933/947034
92 526 -87547385/2841102
92 527 -6236933/947034
92 528 -1286203/258282
92 529 520528729/25569918
92 530 -750506/129141
92 531 -750506/129141
92 532 -376519/129141
92 533 -751772/129141
92 534 377785/129141
92 535 243671/43047
92 536 -137407/28698
92 537 23264/14349
92 538 61135/28698
92 539 25181/14349
92 540 45555/9566
92 541 -48628/14349
92 542 -62431/28698
92 543 -2592/4783
92 544 58813/28698
92 545 38252/4783
92 546 36044/14349
92 547 5290/14349
92 548 4810/4783
92 549 -11632/4783
92 550 -1728/4783
92 551 -396833/14349
92 582 385621003/13172382
92 583 3358908757/6586191
93 81 -22/9
93 88 22/9
93 108 83/9
93 109 -124/9
93 110 14/3
93 114 14
93 121 124/9
93 128 -14/3
93 146 -83/9
93 147 -14
93 149 8/3
93 151 -8/3
93 154 -14/3
93 159 14/3
93 262 -344/27
93 263 61/3
93 264 -82/9
93 268 -184/9
93 269 -14/3
93 270 122/9
93 271 86/9
93 272 -20/9
93 273 -124/9
93 280 46/9
93 281 166/9
93 285 -31/27
93 292 14/3
93 298 -122/9
93 313 -61/3
93 314 -86/9
93 316 82/9
93 318 -82/9
93 321 16/9
93 325 -16/9
93 339 20/9
93 353 82/9
93 354 124/9
93 361 40/9
93 365 -40/9
93 458 344/27
93 459 184/9
93 460 -46/9
93 461 -166/9
93 465 31/27
93 467 -106/9
93 469 106/9
93 472 -14/9
93 477 14/9
93 490 10/3
93 491 80/9
93 496 -158/9
93 497 2/9
93 506 22/9
93 508 -2
93 516 -10/3
93 517 -80/9
93 522 158/9
93 523 -2/9
93 529 -22/9
94 11 -1
94 13 2
94 15 2
94 16 -2
94 30 -1
94 31 -2
94 32 2
94 61 -2
95 11 -1
95 14 2
95 15 -2
95 16 2
95 20 2
95 35 -1
95 36 2
95 37 -2
95 39 -2
95 45 2
95 50 -2
95 62 2
95 77 -2/3
96 11 -1
96 15 2
96 16 -2
96 18 2
96 43 -2
96 48 2
96 55 -1
96 59 -2
97 11 -1
97 15 -2
97 16 2
97 19 2
97 20 2
97 44 2
97 45 2
97 49 -2
97 50 -2
97 57 -1
97 58 -2
97 60 2
97 77 -2/3
98 1 -7/3
98 3 2/3
98 5 -13/66
98 6 -31/66
98 8 7/3
98 11 88/9
98 15 -88/9
98 16 88/9
98 18 -176/9
98 41 -88/9
98 43 176/9
98 46 88/9
98 48 -176/9
98 55 88/9
98 59 176/9
98 66 176/9
99 1 -7/3
99 4 2/3
99 5 -2/3
99 9 7/3
99 10 3
99 11 88/9
99 15 88/9
99 16 -88/9
99 19 -176/9
99 20 -176/9
99 40 88/9
99 41 -88/9
99 44 -176/9
99 45 -176/9
99 49 176/9
99 50 176/9
99 57 88/9
99 58 176/9
99 60 -176/9
99 68 -176/9
99 77 88/27
100 1 -7/3
100 3 11/3
100 5 -13/66
100 6 -31/66
100 8 -2/3
100 11 88/9
100 13 -176/9
100 15 -88/9
100 16 88/9
100 30 88/9
100 31 176/9
100 32 -176/9
100 41 -88/9
100 46 88/9
100 61 176/9
100 63 176/9
101 1 -7/3
101 4 11/3
101 5 -2/3
101 9 -2/3
101 10 3
101 11 88/9
101 14 -176/9
101 15 88/9
101 16 -88/9
101 20 -176/9
101 35 88/9
101 36 -176/9
101 37 176/9
101 39 176/9
101 40 88/9
101 41 -88/9
101 45 -176/9
101 50 176/9
101 62 -176/9
101 65 -176/9
101 77 88/27
110 4 8/3
110 9 -8/3
111 3 8/3
111 8 -8/3
120 1 -2
120 3 2
120 11 16/3
120 13 -32/3
120 15 -16/3
120 16 16/3
120 30 16/3
120 31 32/3
120 32 -32/3
120 41 -16/3
120 46 16/3
120 61 32/3
120 63 32/3
121 1 -2
121 4 2
121 10 2
121 11 16/3
121 14 -32/3
121 15 16/3
121 16 -16/3
121 20 -32/3
121 35 16/3
121 36 -32/3
121 37 32/3
121 39 32/3
121 40 16/3
121 41 -16/3
121 45 -32/3
121 50 32/3
121 62 -32/3
121 65 -32/3
121 77 16/9
122 1 -2
122 8 2
122 11 16/3
122 15 -16/3
122 16 16/3
122 18 -32/3
122 41 -16/3
122 43 32/3
122 46 16/3
122 48 -32/3
122 55 16/3
122 59 32/3
122 66 32/3
123 1 -2
123 9 2
123 10 2
123 11 16/3
123 15 16/3
123 16 -16/3
123 19 -32/3
123 20 -32/3
123 40 16/3
123 41 -16/3
123 44 -32/3
123 45 -32/3
123 49 32/3
123 50 32/3
123 57 16/3
123 58 32/3
123 60 -32/3
123 68 -32/3
123 77 16/9
124 0 -13/6
124 1 13/66
124 5 -13/66
135 11 1/2
135 13 -1
135 15 -1/2
135 16 1/2
135 30 1/2
135 31 1
135 32 -1
135 41 -1/2
135 46 1/2
135 61 1
135 63 1
136 11 1/2
136 14 -1
136 15 1/2
136 16 -1/2
136 20 -1
136 35 1/2
136 36 -1
136 37 1
136 39 1
136 40 1/2
136 41 -1/2
136 45 -1
136 50 1
136 62 -1
136 65 -1
136 77 1/6
137 11 1/2
137 15 -1/2
137 16 1/2
137 18 -1
137 41 -1/2
137 43 1
137 46 1/2
137 48 -1
137 55 1/2
137 59 1
137 66 1
138 11 1/2
138 15 1/2
138 16 -1/2
138 19 -1
138 20 -1
138 40 1/2
138 41 -1/2
138 44 -1
138 45 -1
138 49 1
138 50 1
138 57 1/2
138 58 1
138 60 -1
138 68 -1
138 77 1/6
139 1 -13/24
139 5 13/24
148 5 -65/33
148 6 65/33
149 1 2
149 5 -2
150 1 2
150 6 -2
155 75 -1
155 4874 0
