6 3 -3/2
6 6 3/2
7 4 -3/2
7 5 3/2
7 10 -3/2
8 6 3/2
8 8 -3/2
9 5 3/2
9 9 -3/2
9 10 -3/2
10 0 -80/9
10 2 3/2
10 5 13/6
10 6 13/6
10 7 3/2
10 10 -13/3
10 11 1
10 12 -1
10 17 -1
10 20 -2
10 21 -1/2
10 24 1
10 25 1
10 29 -1
10 40 -1
10 42 1
10 45 2
10 46 -1
10 47 1
10 50 2
10 51 -1/2
10 54 -1
10 59 1
10 60 -1
10 61 1
10 62 -1
10 63 -1
10 65 1
10 66 -1
10 68 1
10 71 -1
10 72 -1
10 77 -1/3
11 0 -80/9
11 2 3/2
11 5 13/6
11 6 13/6
11 7 3/2
11 10 -13/3
11 11 1
11 12 -1
11 17 -1
11 20 -2
11 21 -1/2
11 24 1
11 25 1
11 29 -1
11 40 -1
11 42 1
11 45 2
11 46 -1
11 47 1
11 50 2
11 51 -1/2
11 54 -1
11 59 1
11 60 -1
11 61 1
11 62 -1
11 63 -1
11 65 1
11 66 -1
11 68 1
11 71 -1
11 72 -1
11 77 -1/3
16 0 -1/2
17 0 -1/2
18 0 -1/2
19 0 -1/2
38 6 -1/2
38 8 1/2
39 5 -1/2
39 9 1/2
39 10 1/2
42 4 1/2
42 5 -1/2
42 10 1/2
43 3 1/2
43 6 -1/2
155 4874 0
