0 8 1/2
0 11 -1
0 12 1/2
0 13 -1/2
0 14 -1
0 25 1/2
0 26 -1
0 27 1
0 28 1
0 29 1/2
0 30 -1/2
0 31 -1
0 33 1
0 35 -1
0 38 -1
0 42 1/6
1 8 1/2
1 10 -1
1 12 -1/2
1 13 1/2
1 21 1/2
1 22 1
1 23 -1
1 30 -1/2
1 32 1/2
1 34 1
1 36 1
4 8 1/2
4 11 -1
4 12 1/2
4 13 -1/2
4 14 -1
4 17 -1
4 18 1
4 20 -1
4 25 1
4 26 -1
4 27 1
4 28 1
4 30 -1/2
4 33 1
4 35 -1
4 39 1
5 8 1/2
5 10 -1
5 12 -1/2
5 13 1/2
5 16 -1
5 19 1
5 21 1
5 22 1
5 23 -1
5 24 -1
5 30 -1/2
5 33 1
5 34 1
5 37 -1
10 0 7/2
10 1 -3/2
10 2 1/3
10 3 3/2
10 5 5/3
10 6 5/3
10 7 -10/3
10 8 1/2
10 10 -1
10 12 -1/2
10 13 1/2
10 16 -1
10 19 1
10 21 1
10 22 1
10 23 -1
10 24 -1
10 30 -1/2
10 33 1
10 34 1
10 37 -1
11 0 7/2
11 1 -3/2
11 2 1/3
11 4 3/2
11 5 5/3
11 6 5/3
11 7 -11/6
11 8 1/2
11 11 -1
11 12 1/2
11 13 -1/2
11 14 -1
11 17 -1
11 18 1
11 20 -1
11 25 1
11 26 -1
11 27 1
11 28 1
11 30 -1/2
11 33 1
11 35 -1
11 39 1
37 2 1/2
37 4 -1/2
38 2 1/2
38 3 -1/2
38 7 1/2
39 1 -1/2
39 4 1/2
39 7 1/2
40 1 -1/2
40 3 1/2
67 41 1/2
93 0 -1
218 900 0
