0 0 -1/18
0 2 10/27
0 5 10/27
0 6 10/27
0 7 10/27
0 10 -20/27
0 21 -1/6
0 24 -1/9
0 25 -1/9
0 26 -1/9
0 29 2/9
0 40 -1/6
0 41 -1/9
0 42 -1/9
0 45 4/9
0 46 -1/6
0 47 -1/9
0 50 4/9
0 51 -1/6
0 54 2/9
0 79 -11/27
28 0 5/3
28 2 -3/2
28 5 -1/2
28 6 -1/2
28 7 -1/2
28 10 1
29 0 5/3
29 2 -1/2
29 5 -3/2
29 6 -1/2
29 7 -1/2
29 10 2
30 0 5/3
30 2 -1/2
30 5 -1/2
30 6 -1/2
30 7 -3/2
30 10 1
31 0 5/3
31 2 -1/2
31 5 -1/2
31 6 -3/2
31 7 -1/2
31 10 2
32 0 -5/3
32 2 1/2
32 3 1
32 5 1/2
32 6 1/2
32 7 1/2
32 10 -2
33 0 -5/3
33 2 1/2
33 5 1/2
33 6 1/2
33 7 1/2
33 9 1
33 10 -1
34 0 -5/3
34 2 1/2
34 5 1/2
34 6 1/2
34 7 1/2
34 8 1
34 10 -2
35 0 -5/3
35 2 1/2
35 4 1
35 5 1/2
35 6 1/2
35 7 1/2
35 10 -1
46 0 1
67 0 1/9
81 5320 0
