2 0 -17/18
2 2 2/3
2 5 3/2
2 6 3/2
2 7 -3
2 8 1
2 11 -2
2 12 1
2 13 -1
2 14 -2
2 17 -2
2 18 2
2 20 -2
2 25 2
2 26 -2
2 27 2
2 28 2
2 30 -1
2 33 2
2 35 -2
2 39 2
3 0 17/18
3 2 -2/3
3 5 -3/2
3 6 -3/2
3 7 3
3 8 -1
3 10 1
3 11 1
3 14 1
3 16 1
3 17 1
3 18 -1
3 19 -1
3 20 1
3 21 -1
3 22 -1
3 23 1
3 24 1
3 25 -1
3 26 1
3 27 -1
3 28 -1
3 30 1
3 33 -2
3 34 -1
3 35 1
3 37 1
3 39 -1
4 10 -1
4 11 1
4 12 -1
4 13 1
4 14 1
4 16 -1
4 17 1
4 18 -1
4 19 1
4 20 1
4 21 1
4 22 1
4 23 -1
4 24 -1
4 25 -1
4 26 1
4 27 -1
4 28 -1
4 34 1
4 35 1
4 37 -1
4 39 -1
53 2 1/2
53 4 -1/2
54 2 -1/2
54 3 1/2
54 7 -1/2
61 1 1/2
61 4 -1/2
61 7 -1/2
62 1 -1/2
62 3 1/2
68 0 1/2
141 892 0
