0 0 -1/2
0 40 -3/4
0 42 3/2
0 45 3/2
0 53 -3/2
0 54 -3/2
0 57 3/4
0 68 3/2
0 69 3/2
0 79 -1/4
1 5 -1/2
1 7 1/2
1 10 1/2
1 40 -1/4
1 42 1/2
1 45 1/2
1 53 -1/2
1 54 -1/2
1 57 1/4
1 68 1/2
1 69 1/2
1 79 -1/12
4 5 1/2
4 7 -1/2
4 10 -1/2
4 40 -1/4
4 42 1/2
4 45 1/2
4 53 -1/2
4 54 -1/2
4 57 1/4
4 68 1/2
4 69 1/2
4 79 -1/12
7 7 1/2
7 9 -1/2
8 5 1/2
8 9 -1/2
8 10 -1/2
9 2 -11/12
9 4 -11/6
9 5 11/12
9 6 -11/12
9 7 -11/12
9 11 -1
9 12 -1/2
9 14 2
9 15 -1/2
9 16 1/2
9 17 1/2
9 20 2
9 23 1
9 24 -1
9 26 1/2
9 29 3/2
9 35 -1
9 36 1
9 37 -1
9 38 -1
9 39 -2
9 41 1/2
9 50 -1
9 54 -1/2
9 62 2
9 79 -1/3
10 2 11/12
10 5 -11/12
10 6 11/12
10 7 11/12
10 9 11/6
10 11 1
10 12 -1/2
10 15 1/2
10 16 -1/2
10 17 1/2
10 19 -2
10 20 -2
10 26 -1/2
10 28 1
10 29 1/2
10 41 -1/2
10 42 1
10 44 -1
10 49 1
10 50 1
10 53 -1
10 54 -3/2
10 57 1
10 58 2
10 60 -2
10 79 1/3
11 2 11/12
11 5 11/12
11 6 11/12
11 7 -11/12
11 9 11/6
11 10 -11/6
11 11 1
11 12 -1/2
11 15 1/2
11 16 -1/2
11 17 1/2
11 19 -2
11 20 -2
11 26 -1/2
11 28 1
11 29 1/2
11 41 -1/2
11 42 1
11 44 -1
11 49 1
11 50 1
11 53 -1
11 54 -3/2
11 57 1
11 58 2
11 60 -2
11 79 1/3
12 2 -11/12
12 5 -11/12
12 6 -11/12
12 7 11/12
12 8 -11/6
12 10 11/3
12 11 -1
12 12 1/2
12 15 1/2
12 16 -1/2
12 17 -1/2
12 18 2
12 26 1/2
12 27 -1
12 29 1/2
12 41 1/2
12 43 -1
12 47 -1
12 48 1
12 50 -1
12 52 1
12 54 1/2
12 55 -1
12 59 -2
12 79 1/3
13 2 -11/12
13 5 -11/12
13 6 -11/12
13 7 -11/12
13 10 11/6
13 11 -1
13 12 1/2
13 17 -1/2
13 18 1
13 19 1
13 20 1
13 26 1/2
13 27 -1/2
13 28 -1/2
13 41 1/2
13 42 -1/2
13 43 -1/2
13 44 1/2
13 47 -1/2
13 48 1/2
13 49 -1/2
13 50 -1
13 52 1/2
13 53 1/2
13 54 1
13 55 -1/2
13 57 -1/2
13 58 -1
13 59 -1
13 60 1
14 0 -1/4
14 13 1
14 14 -1
14 15 1/2
14 16 -1/2
14 20 -1
14 22 1/2
14 23 -1/2
14 24 1/2
14 25 -1/2
14 29 -1/2
14 30 -1/2
14 31 -1/2
14 32 1/2
14 33 -1/2
14 35 1/2
14 36 -1/2
14 37 1/2
14 38 1/2
14 39 1
14 54 1/2
14 61 -1
14 62 -1
14 79 1/3
15 2 -11/12
15 5 -11/12
15 6 -11/12
15 7 -11/12
15 10 11/6
15 11 -1
15 13 1
15 19 1
15 20 1
15 22 1/2
15 25 -1/2
15 26 1/2
15 28 -1/2
15 30 -1/2
15 31 -1/2
15 32 1/2
15 33 -1/2
15 41 1/2
15 42 -1/2
15 44 1/2
15 49 -1/2
15 50 -1
15 53 1/2
15 54 1
15 57 -1/2
15 58 -1
15 60 1
15 61 -1
16 0 -1/4
16 13 1
16 14 -1
16 15 1/2
16 16 -1/2
16 20 -1
16 22 1/2
16 23 -1/2
16 24 1/2
16 25 -1/2
16 29 -1/2
16 30 -1/2
16 31 -1/2
16 32 1/2
16 33 -1/2
16 35 1/2
16 36 -1/2
16 37 1/2
16 38 1/2
16 39 1
16 54 1/2
16 61 -1
16 62 -1
16 79 1/3
17 13 1
17 14 -1
17 15 1/2
17 16 -1/2
17 20 -1
17 22 1/2
17 23 -1/2
17 24 1/2
17 25 -1/2
17 29 -1/2
17 30 -1/2
17 31 -1/2
17 32 1/2
17 33 -1/2
17 35 1/2
17 36 -1/2
17 37 1/2
17 38 1/2
17 39 1
17 54 1/2
17 61 -1
17 62 -1
17 79 1/3
28 15 1/2
28 16 -1/2
28 18 1
28 19 -1
28 20 -1
28 27 -1/2
28 28 1/2
28 29 1/2
28 42 1/2
28 43 -1/2
28 44 -1/2
28 47 -1/2
28 48 1/2
28 49 1/2
28 52 1/2
28 53 -1/2
28 54 -1/2
28 55 -1/2
28 57 1/2
28 58 1
28 59 -1
28 60 -1
28 79 1/3
29 2 11/12
29 5 11/12
29 6 11/12
29 7 11/12
29 10 -11/6
29 11 1
29 12 -1/2
29 15 1/2
29 16 -1/2
29 17 1/2
29 19 -2
29 20 -2
29 26 -1/2
29 28 1
29 29 1/2
29 41 -1/2
29 42 1
29 44 -1
29 49 1
29 50 1
29 53 -1
29 54 -3/2
29 57 1
29 58 2
29 60 -2
29 79 1/3
30 12 -1/2
30 14 1
30 17 1/2
30 19 -1
30 23 1/2
30 24 -1/2
30 28 1/2
30 29 1
30 35 -1/2
30 36 1/2
30 37 -1/2
30 38 -1/2
30 39 -1
30 42 1/2
30 44 -1/2
30 49 1/2
30 53 -1/2
30 54 -1
30 57 1/2
30 58 1
30 60 -1
30 62 1
31 2 -11/12
31 5 -11/12
31 6 -11/12
31 7 -11/12
31 10 11/6
31 11 -1
31 12 -1/2
31 14 2
31 15 -1/2
31 16 1/2
31 17 1/2
31 20 2
31 23 1
31 24 -1
31 26 1/2
31 29 3/2
31 35 -1
31 36 1
31 37 -1
31 38 -1
31 39 -2
31 41 1/2
31 50 -1
31 54 -1/2
31 62 2
31 79 -1/3
36 7 -1
36 9 1
37 5 -1
37 9 1
37 10 1
38 4 1/6
38 5 -1/6
38 10 1/6
39 7 -1/6
39 8 1/6
39 10 -1/6
47 7 -1/6
47 9 1/6
48 5 -1/6
48 9 1/6
48 10 1/6
72 2 -11/12
72 5 -11/12
72 6 -11/12
72 7 -11/12
72 10 11/6
72 11 -1
72 12 1/2
72 17 -1/2
72 18 1
72 19 1
72 20 1
72 26 1/2
72 27 -1/2
72 28 -1/2
72 41 1/2
72 42 -1/2
72 43 -1/2
72 44 1/2
72 47 -1/2
72 48 1/2
72 49 -1/2
72 50 -1
72 52 1/2
72 53 1/2
72 54 1
72 55 -1/2
72 57 -1/2
72 58 -1
72 59 -1
72 60 1
73 2 11/12
73 5 11/12
73 6 11/12
73 7 11/12
73 10 -11/6
73 11 1
73 14 -1
73 15 1/2
73 16 -1/2
73 19 -1
73 20 -2
73 23 -1/2
73 24 1/2
73 26 -1/2
73 28 1/2
73 29 -1/2
73 35 1/2
73 36 -1/2
73 37 1/2
73 38 1/2
73 39 1
73 41 -1/2
73 42 1/2
73 44 -1/2
73 49 1/2
73 50 1
73 53 -1/2
73 54 -1/2
73 57 1/2
73 58 1
73 60 -1
73 62 -1
73 79 1/3
111 0 1/4
112 0 -1/12
119 0 -1/4
120 0 -1/4
183 75 1/2
184 76 1/2
189 5320 0
