0 0 1
1 5 1
1 7 -1
1 10 -1
1 40 1/2
1 42 -1
1 45 -1
1 53 1
1 54 1
1 57 -1/2
1 68 -1
1 69 -1
1 79 1/6
4 5 -1
4 7 1
4 10 1
4 40 1/2
4 42 -1
4 45 -1
4 53 1
4 54 1
4 57 -1/2
4 68 -1
4 69 -1
4 79 1/6
7 7 -1
7 9 1
8 5 -1
8 9 1
8 10 1
9 2 1/3
9 4 2/3
9 5 -1/3
9 6 1/3
9 7 1/3
10 2 -1/3
10 5 1/3
10 6 -1/3
10 7 -1/3
10 9 -2/3
11 2 -1/3
11 5 -1/3
11 6 -1/3
11 7 1/3
11 9 -2/3
11 10 2/3
12 2 1/3
12 5 1/3
12 6 1/3
12 7 -1/3
12 8 2/3
12 10 -4/3
13 2 1/3
13 5 1/3
13 6 1/3
13 7 1/3
13 10 -2/3
14 0 1/2
15 2 1/3
15 5 1/3
15 6 1/3
15 7 1/3
15 10 -2/3
16 0 1/2
29 2 -1/3
29 5 -1/3
29 6 -1/3
29 7 -1/3
29 10 2/3
31 2 1/3
31 5 1/3
31 6 1/3
31 7 1/3
31 10 -2/3
36 7 2
36 9 -2
37 5 2
37 9 -2
37 10 -2
38 4 -1/3
38 5 1/3
38 10 -1/3
39 7 1/3
39 8 -1/3
39 10 1/3
47 7 1/3
47 9 -1/3
48 5 1/3
48 9 -1/3
48 10 -1/3
72 2 1/3
72 5 1/3
72 6 1/3
72 7 1/3
72 10 -2/3
73 2 -1/3
73 5 -1/3
73 6 -1/3
73 7 -1/3
73 10 2/3
111 0 -1/2
112 0 1/6
119 0 1/2
120 0 1/2
189 5320 0
