0 0 -1091/216
0 1 6299/1134
0 2 -125/54
0 4 -6173/1134
0 5 -65/36
0 6 7/12
0 7 -4913/1134
0 9 10/9
0 11 -10/9
0 12 5/9
0 13 -5/9
0 15 43/18
0 17 -1/2
0 18 -1/4
0 19 -1/4
0 20 -11/18
0 25 1/18
0 26 -49/36
0 27 31/36
0 28 29/18
0 29 9/4
0 31 -91/18
0 32 61/36
0 33 -17/6
0 34 -10/9
0 36 10/9
0 38 -20/9
0 40 10/9
0 42 151/54
0 43 -11393/1224
0 44 -521/204
0 45 3/34
0 46 7687/306
0 47 -4757/153
0 48 -12151/408
0 49 27145/306
0 50 -281/102
0 51 20/17
0 52 1/2
0 53 -23/34
0 54 419/102
0 55 -77/68
0 56 -3/17
0 57 26/51
0 58 179/102
0 59 -74017/612
0 60 35072/153
0 61 -1291/102
0 62 -27215/102
0 63 -95735/1224
0 64 14767/204
0 65 14933/102
0 66 10981/204
0 67 -12341/102
0 68 53/68
0 69 2189/102
0 71 20/17
0 72 18995/204
0 73 -1/3
0 74 -12244/153
0 75 -127/102
0 76 -43/204
0 77 1085/816
0 78 229/272
0 79 -35/204
0 80 1873/816
0 81 -77/204
0 82 -20/17
0 83 43/51
0 84 -3/34
0 85 137/102
0 86 11/408
0 87 -11/408
0 88 25/136
0 89 43/51
0 90 -109/204
0 91 -299/204
0 92 98/51
0 93 4/3
0 94 43/51
0 95 -1/3
0 96 -37/34
0 97 1/3
0 98 -25/102
0 99 -51/16
0 100 235/306
0 101 77/68
0 102 -299/204
0 103 -57/68
0 104 3/34
0 105 -26/51
0 106 -179/102
0 107 43/102
0 108 71/34
0 109 -15/68
0 110 71/34
0 111 -37/34
0 112 37/34
0 113 -1151/2448
0 114 1057297/7344
0 115 -231539/816
0 116 15629/153
0 117 740621/2448
0 118 53359/408
0 119 -58643/306
0 120 -183079/612
0 121 -1907/153
0 122 35072/153
0 123 -23461/306
0 124 -120923/612
0 125 -37/34
0 126 1800715/14688
0 127 -11929/1836
0 128 72883/1224
0 129 2589/68
0 130 -12683/306
0 131 -16535/153
0 132 -5/6
0 133 83609/612
0 134 -1/6
0 135 -20/17
0 136 24065/306
0 137 64/51
0 138 -347987/14688
0 139 -12389/612
0 140 7333/153
0 141 1/6
0 142 16379/204
0 143 98/51
0 144 20/17
0 145 -1993/36
0 146 -47/51
0 147 472541/7344
0 148 11/102
0 149 -36470/153
0 150 -196/51
0 151 -3/34
0 152 -35617/306
0 153 -37/34
0 154 1/3
0 155 -16/3
0 156 -367/204
0 157 25/102
0 158 5/51
0 159 -371/68
0 160 -14914/153
0 161 -123/68
0 162 -247/204
0 163 37/34
0 164 1
0 165 42097/612
0 166 -11501/306
0 167 196/51
0 168 -329/204
0 169 -1285/408
0 170 -98/17
0 171 247/136
0 172 -979/204
0 173 -131/68
0 174 -19/102
0 175 -35645/612
0 176 5239/204
0 177 9761/204
0 178 -247/51
0 179 1651/204
0 180 -36485/1632
0 181 -218549/1224
1 1 85/42
1 4 -85/42
1 7 -85/42
1 8 1/3
1 9 1/3
1 12 1/6
1 13 1/6
1 14 -1
1 17 -1/3
1 20 -1/3
1 25 -1/3
1 26 -1/6
1 27 -1/6
1 28 1/3
1 31 -1/6
1 33 -1/6
1 35 -2/3
1 42 5/9
2 8 -1
2 12 1
2 13 1
2 30 -1
2 34 -2
3 1 -31/6
3 5 31/6
3 17 1/2
3 18 -1/2
3 20 1/2
3 25 1/2
3 26 1/4
3 27 1/4
3 28 -1/2
3 29 -3/4
3 30 -1/4
3 31 7/4
3 33 1/4
3 42 -1
5 1 85/42
5 4 -85/42
5 7 -85/42
5 8 -1/6
5 9 -1/6
5 12 -1/12
5 13 -1/12
5 14 1/2
5 17 1/6
5 20 1/6
5 25 1/6
5 26 1/12
5 27 1/12
5 28 -1/6
5 31 1/12
5 33 1/12
5 35 1/3
5 42 -5/18
6 1 -55/63
6 4 109/42
6 5 -31/18
6 7 109/42
6 11 1/3
6 12 -1/3
6 14 1/3
6 17 -1/6
6 18 1/6
6 20 -1/6
6 25 -1/3
6 26 1/4
6 27 -5/12
6 28 -1/6
6 29 1/12
6 30 5/12
6 31 -1/4
6 33 -5/12
6 38 1/3
6 42 2/9
11 8 -1/6
11 9 -1/3
11 10 1/3
11 12 1/3
11 14 -1/3
11 15 -1/6
11 16 1/3
11 18 1/3
11 20 -1/3
11 21 -1/6
11 22 -1/3
11 24 1/3
11 29 -1/6
11 31 1/3
11 38 1/3
11 40 -1/3
11 42 -1/18
12 0 -194/27
12 1 -1/2
12 2 5/3
12 4 1/2
12 5 11/18
12 6 11/18
12 7 -13/18
14 43 5/6
14 46 -8/3
14 47 11/3
14 48 7/2
14 49 -29/3
14 59 40/3
14 60 -77/3
14 61 1
14 62 30
14 63 53/6
14 64 -8
14 65 -17
14 66 -6
14 67 13
14 69 -2
14 72 -10
14 74 37/4
14 114 -142/9
14 115 63/2
14 116 -67/6
14 117 -101/3
14 118 -15
14 119 64/3
14 120 103/3
14 121 5/3
14 122 -77/3
14 123 26/3
14 124 65/3
14 126 -128/9
14 127 17/18
14 128 -20/3
14 129 -5
14 130 13/3
14 131 38/3
14 133 -47/3
14 136 -28/3
14 138 121/36
14 139 7/3
14 140 -16/3
14 142 -9
14 145 17/3
14 147 -269/36
14 149 80/3
14 152 41/3
14 155 -16
14 159 1
14 160 34/3
14 161 1
14 165 -25/3
14 166 13/3
14 171 1
14 172 1
14 173 -1
14 175 20/3
14 176 -3
14 177 -5
14 179 -1
14 180 29/12
14 181 56/3
15 175 -2
16 8 -11/20
16 10 1/10
16 12 11/20
16 13 9/20
16 21 -1/20
16 22 -1/10
16 23 1/10
16 30 -9/20
16 32 -1/20
16 34 -11/10
16 36 -1/10
17 1 2
17 2 -2
17 7 -2
19 8 -1
19 12 1
19 13 1
19 30 -1
19 34 -2
21 25 1/2
21 26 -1
21 28 1
21 29 1/2
21 31 -1
21 38 -1
21 39 1
21 42 1/3
22 0 37/18
22 1 -16/21
22 2 -1/6
22 4 3/7
22 5 -1/12
22 6 -1/12
22 7 13/14
24 11 1
24 12 -1
24 14 1
24 25 -1/2
24 26 1
24 27 -1
24 28 -1
24 29 -1/2
24 30 1
24 31 1
24 33 -1
24 38 1
24 42 -1/3
27 171 -2
28 173 4
31 173 -2
32 0 1/6
33 2 1
33 4 -1
34 8 -1/2
34 9 -1
34 11 1
34 13 1
34 15 -1/2
34 16 1
34 17 1
34 21 -1/2
34 24 1
34 25 -1/2
34 27 -1
34 33 -1
34 37 1
34 40 -1
34 42 1/6
35 17 1
35 18 -1
35 20 1
35 25 -1/2
35 29 1/2
35 31 -1
35 38 -1
35 39 -1
35 42 1/6
37 1 1
37 5 -1
39 1 -4/7
39 4 4/7
39 7 4/7
40 8 1/2
40 10 -1
40 12 -1/2
40 13 1/2
40 21 1/2
40 22 1
40 23 -1
40 30 -1/2
40 32 1/2
40 34 1
40 36 1
42 8 -1/2
42 9 -1
42 11 1
42 13 1
42 15 -1/2
42 17 1
42 19 1
42 25 -1/2
42 27 -1
42 32 -1/2
42 36 -1
42 40 -1
42 42 1/6
44 1 -1
44 6 1
46 8 -1/2
46 11 1
46 12 -1/2
46 13 1/2
46 14 1
46 25 -1/2
46 26 1
46 27 -1
46 28 -1
46 29 -1/2
46 30 1/2
46 31 1
46 33 -1
46 35 1
46 38 1
46 42 -1/6
48 1 -1
48 4 1
48 7 1
49 1 1
49 3 -1
50 41 1
53 823 0
