2 3 -1/2
2 4 1/2
2 10 -1/2
3 4 -1/2
3 9 1/2
3 10 1/2
6 32 -1/2
6 35 1
6 38 1
6 39 -1/2
6 40 1
6 44 1
6 47 -1
6 53 -1
6 54 -1
6 55 1/2
6 56 -1
6 57 1/2
6 65 -1
6 67 -1
6 68 1
6 70 1
6 78 -1/6
7 21 -1/2
7 25 1
7 26 1
7 27 -1/2
7 30 1
7 32 1/2
7 34 -1
7 38 -1
7 39 1/2
7 41 -1
7 44 -1
7 49 1
7 63 1
7 64 -1
7 66 1
7 69 -1
7 78 1/6
12 0 -1/4
13 0 1/4
14 3 1/2
14 4 -1/2
14 10 1/2
15 4 1/2
15 9 -1/2
15 10 -1/2
16 0 -1/4
16 5 13/12
16 8 -13/12
16 32 -1/4
16 35 1/2
16 38 1/2
16 39 -1/4
16 40 1/2
16 44 1/2
16 47 -1/2
16 53 -1/2
16 54 -1/2
16 55 1/4
16 56 -1/2
16 57 1/4
16 65 -1/2
16 67 -1/2
16 68 1/2
16 70 1/2
16 78 -1/12
17 0 1/4
17 2 13/12
17 5 -13/12
17 21 -1/4
17 25 1/2
17 26 1/2
17 27 -1/4
17 30 1/2
17 32 1/4
17 34 -1/2
17 38 -1/2
17 39 1/4
17 41 -1/2
17 44 -1/2
17 49 1/2
17 63 1/2
17 64 -1/2
17 66 1/2
17 69 -1/2
17 78 1/12
18 3 1/2
18 6 -1/2
19 7 1/2
19 9 -1/2
20 3 1/4
20 4 -1/4
20 10 1/4
21 4 1/4
21 9 -1/4
21 10 -1/4
22 32 1/4
22 35 -1/2
22 38 -1/2
22 39 1/4
22 40 -1/2
22 44 -1/2
22 47 1/2
22 53 1/2
22 54 1/2
22 55 -1/4
22 56 1/2
22 57 -1/4
22 65 1/2
22 67 1/2
22 68 -1/2
22 70 -1/2
22 78 1/12
23 21 1/4
23 25 -1/2
23 26 -1/2
23 27 1/4
23 30 -1/2
23 32 -1/4
23 34 1/2
23 38 1/2
23 39 -1/4
23 41 1/2
23 44 1/2
23 49 -1/2
23 63 -1/2
23 64 1/2
23 66 -1/2
23 69 1/2
23 78 -1/12
24 2 13/12
24 5 -13/12
25 5 13/12
25 8 -13/12
26 2 -1/2
26 5 1/2
27 5 -1/2
27 8 1/2
28 0 -20/9
28 4 11/12
28 5 13/12
28 6 5/6
28 7 5/6
28 10 -2
28 11 3/4
28 15 -1/2
28 16 -1/2
28 17 -1/2
28 20 -1
28 32 -1/2
28 34 1/2
28 35 1/2
28 38 1
28 39 -1/4
28 40 1/2
28 41 1/2
28 44 1
28 45 -1/4
28 49 -1/2
28 50 -1/4
28 54 -1/2
28 59 1
28 60 -1/2
28 61 1
28 62 -1/2
28 64 1/2
28 68 1/2
28 71 -1/2
28 72 -1/2
28 73 -1/2
28 78 -1/6
29 0 20/9
29 4 -11/12
29 5 -13/12
29 6 -5/6
29 7 -5/6
29 10 2
29 11 -3/4
29 15 1/2
29 16 1/2
29 17 1/2
29 20 1
29 32 1/2
29 34 -1/2
29 35 -1/2
29 38 -1
29 39 1/4
29 40 -1/2
29 41 -1/2
29 44 -1
29 45 1/4
29 49 1/2
29 50 1/4
29 54 1/2
29 59 -1
29 60 1/2
29 61 -1
29 62 1/2
29 64 -1/2
29 68 -1/2
29 71 1/2
29 72 1/2
29 73 1/2
29 78 1/6
30 6 -5/4
30 8 5/4
30 10 -5/4
31 2 -5/4
31 7 5/4
31 10 5/4
32 7 -3/2
32 9 3/2
33 3 -3/2
33 6 3/2
38 2 5/12
38 5 -5/12
39 5 5/12
39 8 -5/12
42 3 1/2
42 4 -1/2
42 10 1/2
43 4 1/2
43 9 -1/2
43 10 -1/2
44 2 -1/3
44 5 1/3
45 5 -1/3
45 8 1/3
52 3 -1/2
52 4 1/2
52 10 -1/2
53 4 -1/2
53 9 1/2
53 10 1/2
56 3 1/2
56 6 -1/2
57 7 1/2
57 9 -1/2
58 2 -1/2
58 5 1/2
59 5 -1/2
59 8 1/2
60 2 1/2
60 7 -1/2
60 10 -1/2
61 6 1/2
61 8 -1/2
61 10 1/2
62 2 -1/4
62 5 1/4
63 5 -1/4
63 8 1/4
80 0 1/4
81 0 -1/4
102 6 -1/4
102 8 1/4
102 10 -1/4
103 2 -1/4
103 7 1/4
103 10 1/4
153 0 -1/6
154 0 1/6
156 0 -1/2
207 0 1/4
283 5016 0
