0 0 1/2
1 0 -1/2
2 3 2
2 4 -2
2 10 2
3 4 2
3 9 -2
3 10 -2
16 0 40/9
16 4 -11/6
16 5 -13/6
16 6 -5/3
16 7 -5/3
16 10 4
16 11 -3/2
16 15 1
16 16 1
16 17 1
16 20 2
16 21 1/2
16 25 -1
16 26 -1
16 27 1/2
16 30 -1
16 32 1/2
16 35 -1
16 38 -1
16 40 -1
16 44 -1
16 45 1/2
16 50 1/2
16 54 1
16 59 -2
16 60 1
16 61 -2
16 62 1
16 63 -1
16 66 -1
16 68 -1
16 69 1
16 71 1
16 72 1
16 73 1
16 78 1/6
17 0 -40/9
17 4 11/6
17 5 13/6
17 6 5/3
17 7 5/3
17 10 -4
17 11 3/2
17 15 -1
17 16 -1
17 17 -1
17 20 -2
17 32 -1/2
17 34 1
17 38 1
17 41 1
17 44 1
17 45 -1/2
17 47 1
17 49 -1
17 50 -1/2
17 53 1
17 55 -1/2
17 56 1
17 57 -1/2
17 59 2
17 60 -1
17 61 2
17 62 -1
17 64 1
17 65 1
17 67 1
17 70 -1
17 71 -1
17 72 -1
17 73 -1
17 78 -1/6
20 3 1/2
20 4 -1/2
20 10 1/2
21 4 1/2
21 9 -1/2
21 10 -1/2
24 5 13/6
24 8 -13/6
25 2 13/6
25 5 -13/6
26 5 -1
26 8 1
27 2 -1
27 5 1
28 0 40/9
28 4 -11/6
28 5 -13/6
28 6 -5/3
28 7 -5/3
28 10 4
28 11 -3/2
28 15 1
28 16 1
28 17 1
28 20 2
28 32 1
28 34 -1
28 35 -1
28 38 -2
28 39 1/2
28 40 -1
28 41 -1
28 44 -2
28 45 1/2
28 49 1
28 50 1/2
28 54 1
28 59 -2
28 60 1
28 61 -2
28 62 1
28 64 -1
28 68 -1
28 71 1
28 72 1
28 73 1
28 78 1/3
29 0 -40/9
29 4 11/6
29 5 13/6
29 6 5/3
29 7 5/3
29 10 -4
29 11 3/2
29 15 -1
29 16 -1
29 17 -1
29 20 -2
29 32 -1
29 34 1
29 35 1
29 38 2
29 39 -1/2
29 40 1
29 41 1
29 44 2
29 45 -1/2
29 49 -1
29 50 -1/2
29 54 -1
29 59 2
29 60 -1
29 61 2
29 62 -1
29 64 1
29 68 1
29 71 -1
29 72 -1
29 73 -1
29 78 -1/3
38 5 -1/6
38 8 1/6
39 2 -1/6
39 5 1/6
44 5 -2/3
44 8 2/3
45 2 -2/3
45 5 2/3
62 5 1/2
62 8 -1/2
63 2 1/2
63 5 -1/2
80 0 -1/2
81 0 1/2
153 0 1/3
154 0 -1/3
156 0 -1
283 5016 0
