1 11 1/4
1 12 -1
1 14 -1/2
1 15 1/2
1 16 -1/4
1 17 1/4
1 19 1/2
1 20 1/2
1 21 1/2
1 22 1/2
1 23 -1/2
1 24 1/2
1 25 -1/2
1 35 -1/2
1 37 1/2
1 41 1/2
1 43 -1/2
1 46 -1/4
1 49 -1/4
1 53 1/2
1 54 1/4
1 57 -1/2
1 58 -1/2
1 60 1/2
1 61 1
1 70 -1/2
1 78 -1/6
3 2 11/6
3 5 -11/6
3 21 -1/4
3 25 1/2
3 26 1/2
3 39 1/4
3 41 -1/2
3 44 -1/2
3 63 1/2
3 66 1/2
4 0 -71/36
4 4 11/12
4 5 11/6
4 6 1/12
4 7 5/6
4 10 -11/4
4 11 1
4 14 -1/2
4 15 1/2
4 16 1/2
4 17 -1/2
4 18 -2
4 33 -1/2
4 36 1
4 40 1
4 42 -1
4 44 1
4 46 -1/2
4 47 -1
4 49 -1/2
4 52 1
4 54 -1/2
4 55 1
4 59 2
4 78 -1/3
6 2 -3/4
6 5 3/4
7 2 -3/8
7 5 3/8
8 3 -3/4
8 6 3/4
10 11 -1/4
10 13 -1/2
10 14 1/2
10 15 -1/2
10 16 -1/4
10 17 1/4
10 18 1
10 20 -1/2
10 27 1/2
10 28 -1/2
10 29 1/2
10 30 -1/2
10 31 1/2
10 34 1/2
10 36 -1/2
10 40 -1/2
10 42 1/2
10 46 1/4
10 47 1/2
10 49 -1/4
10 52 -1/2
10 54 1/4
10 55 -1/2
10 59 -1
10 62 -1/2
10 69 1/2
10 78 1/6
13 5 1/2
13 6 -1/2
13 10 -1/2
13 39 3/4
13 40 -3/2
13 44 -3/2
13 47 3/2
13 55 -3/4
13 56 3/2
13 65 3/2
13 67 3/2
15 39 1/4
15 40 -1/2
15 44 -1/2
15 47 1/2
15 55 -1/4
15 56 1/2
15 65 1/2
15 67 1/2
19 0 20/9
19 4 -11/12
19 5 -13/12
19 6 -5/6
19 7 -5/6
19 10 2
19 11 -1
19 12 2
19 14 1/2
19 15 -1/2
19 16 1/2
19 17 -1/2
19 21 -1
19 22 -1
19 23 1
19 24 -1
19 25 1
19 33 1/2
19 41 -1
19 44 -1
19 46 1/2
19 49 1/2
19 54 1/2
19 61 -2
19 78 1/3
20 0 -20/9
20 4 11/12
20 5 13/12
20 6 5/6
20 7 5/6
20 10 -2
20 11 1
20 14 -1/2
20 15 1/2
20 16 1/2
20 17 -1/2
20 18 -2
20 33 -1/2
20 36 1
20 40 1
20 42 -1
20 44 1
20 46 -1/2
20 47 -1
20 49 -1/2
20 52 1
20 54 -1/2
20 55 1
20 59 2
20 78 -1/3
31 0 1/6
32 0 -1/6
36 0 -1/6
37 3 1/4
37 6 -1/4
40 2 -1/16
40 5 1/16
42 2 -1/8
42 5 1/8
47 5 1/2
47 8 -1/2
48 0 1/2
52 6 1/2
52 8 -1/2
52 10 1/2
54 0 -1/4
56 5 3/2
56 8 -3/2
69 2 -3/2
69 5 3/2
71 0 40/9
71 4 -11/6
71 5 -13/6
71 6 -5/3
71 7 -5/3
71 10 4
71 11 -2
71 12 2
71 14 1
71 15 -1
71 18 2
71 21 -1
71 22 -1
71 23 1
71 24 -1
71 25 1
71 33 1
71 36 -1
71 40 -1
71 41 -1
71 42 1
71 44 -2
71 46 1
71 47 1
71 49 1
71 52 -1
71 54 1
71 55 -1
71 59 -2
71 61 -2
71 78 2/3
72 5 11/12
72 8 -11/12
73 2 11/12
73 5 -11/12
101 0 -1/2
152 76 1/2
153 75 1/2
158 5016 0
