0 22 2
0 25 -2
0 30 -1
0 34 2
0 40 1
0 42 -2
0 45 -2
0 46 1
0 50 -2
0 53 2
0 54 2
0 57 -1
0 63 2
0 64 2
0 68 -2
0 69 -2
0 79 1/3
1 23 2
1 24 -2
1 29 2
1 35 -1
1 40 1
1 45 -2
1 46 1
1 47 -2
1 50 -2
1 52 2
1 55 -1
1 56 2
1 65 -2
1 66 2
1 67 2
1 70 -2
1 79 1/3
2 2 -11/12
2 5 -11/12
2 6 -11/12
2 7 -11/12
2 10 11/6
2 11 -1
2 12 1/2
2 15 1/2
2 16 1/2
2 17 1/2
2 20 1
2 21 1/4
2 24 -1/2
2 25 -1/2
2 29 1/2
2 40 1/4
2 42 -1/2
2 45 -1
2 46 1/4
2 47 -1/2
2 50 -1
2 51 1/4
2 54 1/2
2 59 -1
2 60 1
2 61 -1
2 62 1
2 71 1/2
2 72 1/2
2 73 1/2
2 74 1/2
2 79 -1/2
3 2 -11/12
3 5 -11/12
3 6 -11/12
3 7 -11/12
3 10 11/6
3 11 -1
3 12 1/2
3 15 1/2
3 16 1/2
3 17 1/2
3 20 1
3 21 1/4
3 24 -1/2
3 25 -1/2
3 29 1/2
3 40 1/4
3 42 -1/2
3 45 -1
3 46 1/4
3 47 -1/2
3 50 -1
3 51 1/4
3 54 1/2
3 59 -1
3 60 1
3 61 -1
3 62 1
3 71 1/2
3 72 1/2
3 73 1/2
3 74 1/2
3 79 -1/2
4 2 -11/12
4 5 -11/12
4 6 -11/12
4 7 -11/12
4 10 11/6
4 11 -1
4 12 1/2
4 15 1/2
4 16 1/2
4 17 1/2
4 20 1
4 21 1/4
4 24 -1/2
4 25 -1/2
4 29 1/2
4 40 1/4
4 42 -1/2
4 45 -1
4 46 1/4
4 47 -1/2
4 50 -1
4 51 1/4
4 54 1/2
4 59 -1
4 60 1
4 61 -1
4 62 1
4 71 1/2
4 72 1/2
4 73 1/2
4 74 1/2
4 79 -1/2
5 2 -11/12
5 5 -11/12
5 6 -11/12
5 7 -11/12
5 10 11/6
5 11 -1
5 12 1/2
5 15 1/2
5 16 1/2
5 17 1/2
5 20 1
5 21 1/4
5 24 -1/2
5 25 -1/2
5 29 1/2
5 40 1/4
5 42 -1/2
5 45 -1
5 46 1/4
5 47 -1/2
5 50 -1
5 51 1/4
5 54 1/2
5 59 -1
5 60 1
5 61 -1
5 62 1
5 71 1/2
5 72 1/2
5 73 1/2
5 74 1/2
5 79 -1/2
6 2 2
6 3 -2
6 10 2
7 5 2
7 9 -2
7 10 -2
8 3 -2
8 6 2
9 7 2
9 9 -2
10 7 2
10 8 -2
10 10 2
11 6 2
11 8 -2
12 4 -2
12 5 2
12 10 -2
13 2 2
13 4 -2
38 7 1/3
38 8 -1/3
38 10 1/3
39 2 1/3
39 4 -1/3
40 2 1/3
40 3 -1/3
40 10 1/3
41 7 1/3
41 9 -1/3
42 7 -1/3
42 8 1/3
42 10 -1/3
43 2 -1/3
43 4 1/3
44 2 -1/3
44 3 1/3
44 10 -1/3
45 7 -1/3
45 9 1/3
50 22 -1
50 25 1
50 30 1/2
50 34 -1
50 40 -1/2
50 42 1
50 45 1
50 46 -1/2
50 50 1
50 53 -1
50 54 -1
50 57 1/2
50 63 -1
50 64 -1
50 68 1
50 69 1
50 79 -1/6
51 23 -1
51 24 1
51 29 -1
51 35 1/2
51 40 -1/2
51 45 1
51 46 -1/2
51 47 1
51 50 1
51 52 -1
51 55 1/2
51 56 -1
51 65 1
51 66 -1
51 67 -1
51 70 1
51 79 -1/6
52 2 1/2
52 4 -1/2
53 7 1/2
53 8 -1/2
53 10 1/2
54 7 1/2
54 9 -1/2
55 2 1/2
55 3 -1/2
55 10 1/2
64 2 -1/6
64 3 1/6
64 10 -1/6
65 7 -1/6
65 9 1/6
66 7 -1/6
66 8 1/6
66 10 -1/6
67 2 -1/6
67 4 1/6
68 2 -1/2
68 4 1/2
69 4 1
69 5 -1
69 10 1
70 6 -1
70 8 1
71 7 -1/2
71 8 1/2
71 10 -1/2
72 7 -1/2
72 9 1/2
73 3 1
73 6 -1
74 5 -1
74 9 1
74 10 1
75 2 -1/2
75 3 1/2
75 10 -1/2
76 4 -1/2
76 5 1/2
76 10 -1/2
77 6 1/2
77 8 -1/2
78 5 1/2
78 9 -1/2
78 10 -1/2
79 3 -1/2
79 6 1/2
96 22 1
96 25 -1
96 30 -1/2
96 34 1
96 40 1/2
96 42 -1
96 45 -1
96 46 1/2
96 50 -1
96 53 1
96 54 1
96 57 -1/2
96 63 1
96 64 1
96 68 -1
96 69 -1
96 79 1/6
97 23 1
97 24 -1
97 29 1
97 35 -1/2
97 40 1/2
97 45 -1
97 46 1/2
97 47 -1
97 50 -1
97 52 1
97 55 -1/2
97 56 1
97 65 -1
97 66 1
97 67 1
97 70 -1
97 79 1/6
98 2 -2/3
98 4 2/3
99 7 -2/3
99 8 2/3
99 10 -2/3
100 7 -2/3
100 9 2/3
101 2 -2/3
101 3 2/3
101 10 -2/3
102 2 1/6
102 4 -1/6
103 7 1/6
103 8 -1/6
103 10 1/6
104 7 1/6
104 9 -1/6
105 2 1/6
105 3 -1/6
105 10 1/6
122 7 1/3
122 9 -1/3
123 3 -1
123 6 1
124 5 1
124 9 -1
124 10 -1
125 2 1/3
125 3 -1/3
125 10 1/3
126 2 1/3
126 4 -1/3
127 4 -1
127 5 1
127 10 -1
128 6 1
128 8 -1
129 7 1/3
129 8 -1/3
129 10 1/3
146 5 -1/2
146 9 1/2
146 10 1/2
147 3 1/2
147 6 -1/2
148 4 1/2
148 5 -1/2
148 10 1/2
149 6 -1/2
149 8 1/2
150 6 1/3
150 8 -1/3
151 4 -1/3
151 5 1/3
151 10 -1/3
152 3 -1/3
152 6 1/3
153 5 1/3
153 9 -1/3
153 10 -1/3
221 0 -1/6
222 0 -1/6
223 0 -1/6
224 0 -1/6
336 5320 0
