0 0 1
1 0 1
2 2 11/6
2 5 11/6
2 6 11/6
2 7 11/6
2 10 -11/3
2 11 2
2 12 -1
2 15 -1
2 16 -1
2 17 -1
2 20 -2
2 21 -1/2
2 24 1
2 25 1
2 29 -1
2 40 -1/2
2 42 1
2 45 2
2 46 -1/2
2 47 1
2 50 2
2 51 -1/2
2 54 -1
2 59 2
2 60 -2
2 61 2
2 62 -2
2 71 -1
2 72 -1
2 73 -1
2 74 -1
2 79 1
4 2 11/6
4 5 11/6
4 6 11/6
4 7 11/6
4 10 -11/3
4 11 2
4 12 -1
4 15 -1
4 16 -1
4 17 -1
4 20 -2
4 21 -1/2
4 24 1
4 25 1
4 29 -1
4 40 -1/2
4 42 1
4 45 2
4 46 -1/2
4 47 1
4 50 2
4 51 -1/2
4 54 -1
4 59 2
4 60 -2
4 61 2
4 62 -2
4 71 -1
4 72 -1
4 73 -1
4 74 -1
4 79 1
6 0 4/3
6 2 -4
6 3 4
6 10 -4
9 0 4/3
9 7 -4
9 8 4
9 10 -4
10 0 4/3
10 7 -4
10 9 4
13 0 4/3
13 2 -4
13 4 4
38 0 -1
38 7 1/3
38 9 -1/3
39 0 -1
39 2 1/3
39 4 -1/3
40 0 -1
40 2 1/3
40 3 -1/3
40 10 1/3
41 0 -1
41 7 1/3
41 8 -1/3
41 10 1/3
42 7 2/3
42 9 -2/3
43 2 2/3
43 4 -2/3
44 2 2/3
44 3 -2/3
44 10 2/3
45 7 2/3
45 8 -2/3
45 10 2/3
52 0 -5/3
52 2 1
52 4 -1
53 0 -5/3
53 7 1
53 9 -1
54 0 -5/3
54 7 1
54 8 -1
54 10 1
55 0 -5/3
55 2 1
55 3 -1
55 10 1
64 0 2/3
64 2 -2/3
64 3 2/3
64 10 -2/3
65 0 2/3
65 7 -2/3
65 8 2/3
65 10 -2/3
66 0 2/3
66 7 -2/3
66 9 2/3
67 0 2/3
67 2 -2/3
67 4 2/3
68 0 -8/3
68 2 1
68 4 -1
71 0 -8/3
71 7 1
71 9 -1
72 0 -8/3
72 7 1
72 8 -1
72 10 1
75 0 -8/3
75 2 1
75 3 -1
75 10 1
98 0 4/3
98 2 -2/3
98 4 2/3
99 0 4/3
99 7 -2/3
99 9 2/3
100 0 4/3
100 7 -2/3
100 8 2/3
100 10 -2/3
101 0 4/3
101 2 -2/3
101 3 2/3
101 10 -2/3
102 0 -2/3
102 2 2/3
102 4 -2/3
103 0 -2/3
103 7 2/3
103 9 -2/3
104 0 -2/3
104 7 2/3
104 8 -2/3
104 10 2/3
105 0 -2/3
105 2 2/3
105 3 -2/3
105 10 2/3
122 0 4/3
122 7 -2/3
122 8 2/3
122 10 -2/3
125 0 4/3
125 2 -2/3
125 3 2/3
125 10 -2/3
126 0 4/3
126 2 -2/3
126 4 2/3
129 0 4/3
129 7 -2/3
129 9 2/3
130 0 -1/2
133 0 -1/2
134 0 -1/2
137 0 -1/2
233 0 -1/2
234 0 -1/2
336 5320 0
